0
1
2
4
5
7
10
11
12
14
17
18
19
21
22
24
25
28
29
30
31
32
34
35
36
38
39
41
42
44
45
46
48
50
52
53
54
55
56
57
59
61
62
63
64
65
67
69
71
74
75
76
77
78
80
81
83
84
87
90
93
94
96
97
98
101
103
105
107
108
109
112
113
114
115
117
118
119
120
121
124
125
126
127
129
131
132
134
135
136
137
138
140
143
144
145
146
148
150
151
152
155
156
158
159
160
164
166
167
168
169
173
174
179
180
181
182
183
184
185
186
187
189
190
193
196
198
199
202
203
204
206
207
209
210
212
216
218
219
221
222
223
224
228
231
232
235
238
239
240
243
244
246
248
250
252
253
254
257
259
261
262
263
264
267
268
269
270
273
275
276
279
282
283
284
285
287
290
293
297
298
301
304
305
306
307
309
310
313
315
316
318
319
320
321
322
326
327
330
331
332
333
334
337
341
345
346
347
349
350
351
352
353
354
355
357
358
359
360
361
362
363
364
365
367
369
371
372
373
374
375
376
377
380
382
384
386
387
389
390
392
393
394
396
398
399
400
401
402
403
404
405
406
407
408
412
413
414
416
418
420
421
426
430
431
434
438
442
444
445
446
448
449
450
451
453
454
456
457
458
462
463
464
465
466
467
468
471
474
475
476
478
479
480
483
484
485
486
489
490
493
494
495
496
497
498
500
501
502
503
504
505
506
507
509
510
511
513
515
516
522
523
524
526
528
529
530
531
534
537
541
543
545
546
547
548
549
551
552
553
554
556
557
559
560
561
562
564
565
566
568
569
570
573
575
576
577
580
581
582
583
587
588
589
591
592
594
596
600
602
603
604
607
608
615
616
618
620
623
624
625
626
628
631
633
634
636
637
638
641
642
643
645
646
647
648
649
650
651
652
654
656
659
661
662
663
664
666
668
670
672
673
674
676
678
680
682
683
684
685
692
693
696
697
699
700
701
702
704
706
708
712
713
715
716
719
720
721
722
723
724
725
729
730
732
733
738
740
742
743
748
749
752
754
756
758
759
760
761
762
764
765
766
767
768
769
770
771
774
775
776
778
779
782
784
785
786
787
789
792
793
796
801
802
805
806
808
809
813
814
815
816
817
818
819
821
822
824
826
828
829
830
831
833
835
837
839
840
843
844
845
847
850
851
852
853
854
855
856
857
858
860
862
863
864
865
866
867
868
869
870
871
873
874
875
876
878
880
881
884
885
886
888
889
891
893
894
901
902
905
906
908
910
912
913
914
915
919
920
921
922
923
924
925
926
928
929
930
932
933
934
936
938
939
940
941
942
943
945
948
950
951
953
955
957
960
961
962
963
964
965
967
969
971
973
974
976
977
978
979
982
983
985
987
989
990
991
992
993
994
995
997
998
1000
1001
1004
1005
1008
1010
1011
1014
1016
1018
1020
1022
1024
1025
1026
1027
1029
1032
1033
1037
1038
1039
1040
1043
1044
1046
1047
1048
1049
1050
1051
1053
1054
1055
1056
1058
1061
1063
1064
1066
1068
1070
1071
1073
1074
1076
1078
1079
1082
1083
1087
1089
1094
1095
1096
1097
1098
1104
1106
1107
1108
1109
1110
1112
1113
1114
1115
1116
1117
1118
1120
1121
1122
1124
1125
1126
1127
1129
1130
1131
1132
1133
1135
1136
1137
1138
1139
1140
1145
1148
1151
1152
1153
1155
1157
1158
1159
1163
1164
1165
1166
1168
1170
1171
1172
1173
1176
1178
1179
1182
1183
1184
1185
1193
1195
1197
1198
1199
1201
1202
1205
1211
1212
1213
1216
1218
1220
1224
1225
1226
1227
1229
1230
1231
1233
1234
1235
1237
1238
1239
1240
1241
1242
1243
1244
1245
1246
1247
1249
1251
1253
1257
1260
1261
1262
1263
1266
1267
1268
1269
1270
1273
1274
1275
1277
1281
1282
1284
1292
1293
1294
1295
1296
1298
1299
1304
1305
1306
1310
1312
1313
1314
1315
1316
1320
1321
1322
1326
1328
1330
1331
1332
1334
1335
1336
1337
1343
1345
1346
1347
1348
1349
1350
1351
1352
1353
1354
1355
1356
1359
1360
1361
1362
1364
1366
1370
1372
1373
1375
1376
1378
1381
1384
1386
1387
1390
1392
1394
1395
1397
1398
1401
1403
1404
1405
1406
1410
1411
1412
1413
1414
1415
1416
1417
1418
1419
1421
1422
1423
1425
1428
1429
1430
1433
1435
1436
1437
1438
1439
1440
1441
1442
1444
1446
1447
1448
1449
1450
1451
1452
1453
1455
1458
1461
1462
1466
1467
1468
1469
1472
1474
1475
1476
1477
1478
1479
1480
1481
1482
1483
1484
1485
1487
1488
1490
1492
1493
1494
1495
1497
1498
1499
1501
1502
1503
1504
1507
1508
1510
1511
1513
1514
1515
1516
1517
1518
1519
1521
1523
1524
1525
1526
1527
1528
1529
1530
1531
1532
1534
1535
1537
1538
1539
1540
1541
1542
1544
1546
1547
1549
1552
1553
1555
1556
1557
1558
1560
1561
1562
1563
1564
1565
1567
1568
1570
1572
1573
1576
1577
1578
1580
1581
1582
1583
1584
1585
1586
1587
1588
1590
1592
1593
1594
1595
1598
1600
1601
1602
1603
1604
1606
1609
1611
1612
1613
1614
1615
1616
1617
1618
1621
1622
1624
1625
1626
1627
1629
1630
1632
1634
1637
1639
1641
1642
1643
1644
1646
1648
1650
1651
1653
1657
1658
1659
1660
1661
1662
1663
1664
1665
1666
1668
1670
1671
1673
1675
1678
1679
1680
1682
1684
1685
1686
1687
1688
1691
1693
1694
1695
1699
1702
1705
1706
1708
1709
1710
1711
1712
1713
1716
1723
1725
1727
1730
1731
1732
1733
1734
1736
1737
1740
1742
1743
1744
1745
1746
1749
1750
1752
1753
1756
1757
1758
1760
1763
1764
1769
1772
1773
1776
1779
1780
1783
1788
1790
1797
1798
1799
1800
1801
1802
1807
1808
1809
1810
1811
1813
1815
1817
1818
1819
1820
1821
1822
1823
1824
1827
1829
1830
1832
1834
1835
1837
1838
1839
1841
1842
1843
1844
1845
1846
1847
1849
1850
1852
1855
1856
1857
1859
1860
1861
1862
1864
1865
1867
1869
1873
1874
1875
1880
1882
1883
1884
1888
1889
1890
1893
1894
1895
1897
1898
1899
1900
1901
1906
1907
1909
1911
1912
1915
1916
1917
1921
1924
1925
1926
1930
1932
1933
1934
1935
1937
1938
1939
1940
1941
1942
1943
1945
1946
1947
1948
1951
1953
1954
1956
1957
1958
1959
1960
1961
1962
1964
1965
1967
1968
1969
1970
1972
1973
1974
1975
1977
1979
1981
1983
1984
1986
1988
1989
1990
1991
1992
1993
1994
1995
1996
1998
1999
2000
2002
2004
2006
2007
2008
2010
2011
2012
2013
2014
2015
2016
2017
2019
2020
2022
2024
2025
2026
2027
2028
2029
2030
2031
2032
2035
2036
2037
2039
2040
2041
2042
2043
2048
2050
2051
2056
2058
2059
2060
2062
2063
2065
2066
2067
2068
2069
2071
2072
2075
2076
2077
2078
2079
2081
2083
2084
2085
2086
2087
2088
2090
2091
2093
2094
2097
2104
2109
2110
2111
2112
2114
2116
2117
2118
2119
2121
2124
2125
2127
2128
2129
2130
2131
2132
2133
2134
2136
2137
2138
2141
2142
2143
2144
2145
2146
2147
2148
2150
2152
2154
2155
2156
2159
2161
2163
2167
2168
2169
2170
2171
2172
2177
2179
2180
2186
2187
2190
2192
2193
2197
2199
2200
2201
2202
2204
2205
2206
2208
2210
2215
2216
2217
2218
2219
2220
2221
2222
2224
2225
2226
2227
2229
2230
2231
2232
2233
2238
2240
2241
2242
2243
2245
2246
2247
2248
2251
2252
2254
2255
2258
2262
2264
2266
2267
2268
2270
2272
2273
2274
2276
2277
2285
2286
2288
2290
2296
2297
2298
2299
2300
2301
2302
2303
2304
2306
2307
2308
2310
2311
2312
2313
2317
2319
2321
2326
2327
2328
2329
2334
2337
2338
2340
2341
2342
2343
2345
2346
2348
2349
2350
2351
2354
2359
2360
2361
2362
2363
2364
2366
2367
2368
2371
2373
2374
2375
2376
2378
2380
2382
2383
2384
2385
2386
2387
2388
2390
2391
2392
2393
2394
2396
2397
2398
2400
2401
2402
2403
2404
2405
2406
2408
2409
2410
2411
2412
2413
2414
2415
2416
2418
2419
2420
2421
2422
2424
2426
2428
2429
2430
2431
2432
2434
2435
2436
2437
2439
2440
2441
2442
2443
2444
2445
2446
2449
2450
2451
2452
2453
2454
2455
2456
2457
2458
2459
2463
2467
2468
2469
2470
2471
2472
2473
2474
2475
2476
2477
2479
2480
2481
2483
2484
2486
2488
2489
2490
2492
2494
2495
2498
2499
2500
2501
2503
2505
2509
2510
2512
2513
2515
2516
2517
2518
2521
2522
2524
2526
2527
2530
2531
2534
2535
2538
2539
2542
2543
2544
2545
2548
2549
2550
2551
2552
2553
2555
2557
2558
2562
2563
2564
2566
2567
2571
2572
2573
2575
2576
2578
2579
2580
2582
2583
2584
2585
2586
2587
2588
2589
2591
2592
2594
2595
2597
2598
2600
2601
2602
2605
2606
2607
2609
2610
2611
2615
2616
2618
2619
2620
2621
2622
2623
2625
2628
2630
2632
2633
2634
2635
2637
2638
2639
2642
2643
2644
2645
2646
2648
2649
2651
2652
2653
2655
2656
2658
2659
2660
2661
2662
2663
2667
2668
2670
2672
2673
2674
2675
2678
2679
2680
2683
2684
2685
2686
2687
2690
2695
2697
2699
2702
2704
2711
2712
2713
2715
2717
2718
2720
2721
2722
2723
2724
2725
2726
2727
2728
2729
2730
2731
2733
2734
2735
2738
2739
2741
2742
2743
2745
2746
2747
2750
2751
2752
2753
2755
2756
2757
2758
2761
2762
2763
2764
2766
2767
2768
2771
2773
2775
2776
2778
2779
2780
2782
2783
2784
2785
2786
2787
2789
2790
2791
2793
2794
2796
2797
2800
2801
2803
2804
2806
2807
2809
2810
2813
2814
2824
2826
2827
2831
2833
2834
2840
2841
2844
2846
2847
2848
2849
2850
2851
2853
2855
2856
2858
2859
2862
2864
2865
2866
2867
2868
2869
2871
2872
2873
2875
2876
2881
2884
2885
2887
2888
2889
2890
2893
2894
2898
2899
2900
2904
2905
2906
2909
2910
2911
2912
2913
2914
2915
2916
2917
2919
2920
2922
2923
2924
2927
2928
2929
2930
2931
2932
2933
2934
2935
2936
2937
2939
2940
2941
2943
2944
2945
2946
2947
2948
2950
2954
2955
2956
2957
2958
2959
2960
2961
2962
2963
2964
2965
2966
2967
2968
2969
2971
2972
2973
2974
2975
2976
2977
2979
2982
2983
2985
2986
2987
2988
2990
2992
2994
2995
2998
2999
3000
3001
3002
3003
3004
3006
3007
3010
3011
3012
3013
3015
3017
3018
3020
3024
3025
3026
3027
3030
3031
3034
3035
3036
3037
3038
3039
3041
3046
3049
3052
3053
3054
3055
3056
3057
3058
3061
3063
3065
3066
3069
3071
3073
3077
3079
3080
3081
3086
3087
3088
3089
3090
3092
3093
3095
3096
3097
3100
3103
3104
3105
3111
3114
3115
3121
3123
3124
3125
3126
3130
3131
3133
3135
3138
3139
3141
3142
3145
3147
3148
3149
3151
3152
3153
3154
3155
3159
3160
3161
3162
3164
3166
3169
3170
3171
3173
3174
3175
3177
3179
3183
3184
3186
3187
3190
3191
3192
3195
3198
3200
3201
3203
3204
3205
3206
3207
3208
3209
3211
3212
3213
3215
3216
3217
3218
3220
3221
3222
3223
3224
3226
3227
3228
3229
3230
3231
3233
3234
3236
3237
3239
3240
3241
3242
3244
3245
3246
3249
3253
3254
3255
3256
3257
3258
3259
3260
3261
3262
3263
3264
3265
3268
3269
3271
3273
3274
3275
3276
3277
3280
3281
3282
3283
3284
3285
3286
3288
3289
3290
3291
3293
3294
3295
3296
3297
3298
3299
3300
3301
3302
3304
3305
3306
3309
3310
3311
3313
3314
3315
3316
3317
3321
3322
3323
3324
3325
3326
3328
3329
3330
3331
3332
3336
3338
3340
3342
3343
3344
3345
3347
3350
3351
3352
3353
3355
3356
3357
3358
3360
3361
3362
3363
3364
3368
3369
3370
3372
3373
3377
3378
3379
3380
3381
3382
3383
3384
3385
3386
3390
3391
3394
3395
3396
3397
3398
3400
3401
3402
3404
3405
3406
3408
3409
3410
3415
3416
3417
3418
3419
3420
3421
3423
3424
3425
3426
3427
3429
3430
3431
3432
3433
3434
3435
3436
3437
3438
3439
3441
3443
3447
3449
3450
3451
3452
3454
3456
3457
3458
3459
3464
3466
3467
3468
3469
3470
3471
3472
3473
3475
3478
3480
3482
3485
3488
3490
3494
3496
3497
3498
3500
3503
3504
3505
3506
3509
3510
3512
3514
3516
3518
3520
3521
3522
3527
3528
3529
3531
3532
3533
3535
3536
3538
3539
3540
3541
3543
3545
3546
3548
3549
3550
3551
3552
3553
3554
3557
3558
3559
3560
3561
3562
3563
3565
3567
3568
3569
3572
3573
3576
3577
3580
3581
3582
3583
3584
3585
3589
3590
3591
3592
3596
3597
3598
3601
3602
3603
3605
3606
3609
3611
3612
3613
3614
3615
3617
3618
3621
3622
3623
3625
3626
3627
3629
3630
3632
3633
3634
3635
3636
3637
3638
3639
3640
3643
3645
3646
3647
3648
3649
3650
3651
3655
3656
3657
3658
3659
3661
3662
3664
3665
3666
3667
3669
3670
3672
3673
3674
3675
3678
3680
3681
3683
3684
3685
3686
3687
3688
3689
3692
3693
3695
3696
3697
3698
3700
3701
3702
3703
3704
3705
3707
3708
3710
3712
3713
3714
3715
3716
3717
3718
3720
3722
3723
3724
3726
3730
3734
3736
3738
3739
3740
3744
3745
3746
3749
3751
3753
3754
3756
3757
3760
3763
3764
3767
3768
3771
3772
3773
3774
3775
3777
3778
3779
3780
3781
3782
3785
3786
3788
3791
3792
3793
3794
3795
3797
3798
3800
3801
3803
3804
3806
3807
3808
3809
3810
3811
3812
3814
3815
3816
3817
3818
3819
3822
3823
3824
3825
3826
3827
3828
3829
3830
3831
3834
3838
3839
3842
3845
3848
3849
3850
3851
3855
3856
3857
3859
3860
3861
3862
3863
3864
3865
3866
3869
3874
3877
3881
3887
3888
3889
3890
3891
3893
3894
3895
3897
3899
3900
3903
3906
3908
3910
3913
3914
3916
3917
3918
3919
3920
3921
3922
3923
3924
3926
3929
3930
3932
3934
3935
3938
3940
3941
3942
3947
3948
3950
3951
3952
3955
3957
3958
3960
3961
3964
3965
3969
3971
3972
3973
3974
3975
3976
3980
3981
3982
3984
3986
3988
3989
3990
3991
3992
3993
3994
3995
3996
3997
4000
4001
4005
4006
4007
4008
4009
4010
4011
4012
4013
4014
4015
4016
4018
4019
4020
4021
4022
4023
4024
4026
4027
4028
4029
4030
4034
4035
4037
4038
4041
4042
4043
4046
4047
4048
4050
4051
4053
4056
4057
4058
4060
4061
4063
4064
4065
4066
4067
4068
4070
4071
4072
4075
4077
4078
4079
4080
4082
4084
4085
4086
4087
4088
4090
4091
4092
4093
4094
4095
4096
4097
4099
4100
4105
4108
4110
4111
4112
4113
4114
4117
4120
4122
4123
4124
4125
4126
4127
4128
4129
4130
4132
4133
4134
4135
4138
4139
4140
4141
4142
4144
4145
4146
4147
4150
4152
4155
4161
4164
4165
4166
4168
4171
4177
4179
4180
4181
4182
4183
4184
4185
4190
4192
4193
4194
4195
4197
4198
4200
4201
4202
4203
4205
4206
4207
4208
4212
4213
4215
4216
4217
4218
4219
4220
4221
4223
4224
4225
4228
4230
4231
4232
4233
4234
4235
4236
4237
4238
4239
4240
4241
4243
4245
4247
4249
4253
4255
4256
4257
4261
4264
4267
4269
4270
4273
4274
4276
4277
4285
4286
4287
4292
4293
4295
4297
4299
4300
4301
4302
4304
4305
4306
4309
4311
4313
4314
4316
4318
4319
4320
4322
4323
4325
4327
4328
4329
4330
4331
4333
4334
4336
4338
4339
4340
4341
4342
4343
4345
4346
4347
4348
4349
4351
4352
4353
4354
4358
4359
4360
4361
4362
4363
4364
4365
4367
4369
4370
4371
4372
4373
4375
4376
4377
4378
4379
4382
4388
4389
4390
4391
4392
4396
4397
4398
4400
4401
4402
4404
4407
4408
4410
4411
4412
4413
4414
4417
4418
4419
4421
4423
4424
4426
4427
4428
4432
4433
4435
4436
4437
4438
4439
4440
4441
4445
4446
4447
4449
4451
4453
4454
4455
4457
4459
4463
4466
4468
4470
4471
4472
4473
4474
4475
4477
4480
4481
4483
4484
4485
4486
4489
4490
4491
4492
4493
4498
4501
4502
4504
4505
4506
4507
4508
4511
4512
4513
4517
4520
4522
4523
4524
4525
4526
4527
4528
4529
4530
4531
4532
4533
4534
4535
4536
4537
4541
4545
4546
4548
4550
4551
4552
4553
4554
4555
4557
4560
4562
4564
4565
4566
4567
4569
4572
4574
4577
4578
4579
4581
4584
4587
4588
4589
4593
4594
4595
4596
4597
4598
4600
4603
4606
4608
4609
4610
4612
4614
4617
4618
4619
4621
4622
4624
4625
4626
4629
4633
4634
4635
4636
4637
4641
4642
4643
4644
4645
4650
4651
4652
4653
4654
4658
4661
4662
4665
4666
4667
4668
4669
4671
4673
4674
4675
4676
4679
4680
4681
4682
4684
4685
4687
4688
4689
4690
4693
4695
4699
4702
4705
4706
4707
4708
4712
4713
4714
4715
4717
4718
4720
4721
4722
4724
4725
4727
4729
4730
4732
4733
4734
4735
4740
4741
4743
4744
4748
4749
4750
4751
4753
4754
4755
4757
4758
4759
4762
4763
4765
4766
4767
4768
4772
4774
4775
4778
4779
4781
4782
4783
4784
4785
4787
4789
4791
4793
4794
4795
4796
4797
4798
4799
4800
4802
4803
4804
4805
4806
4807
4808
4810
4811
4813
4818
4819
4820
4822
4823
4825
4827
4829
4830
4833
4834
4835
4836
4837
4838
4839
4841
4845
4848
4850
4854
4855
4856
4857
4859
4860
4861
4863
4864
4866
4874
4875
4876
4877
4883
4884
4885
4886
4890
4891
4893
4894
4899
4901
4902
4903
4905
4906
4907
4908
4909
4914
4915
4916
4919
4922
4923
4925
4927
4928
4930
4931
4932
4933
4935
4939
4940
4944
4946
4949
4951
4953
4955
4956
4958
4959
4960
4961
4963
4964
4966
4968
4969
4970
4971
4974
4975
4977
4978
4980
4982
4983
4984
4985
4986
4988
4990
4991
4994
4996
4997
4998
4999
5000
5001
5002
5003
5004
5005
5006
5007
5008
5010
5011
5013
5014
5018
5021
5022
5023
5024
5025
5027
5028
5030
5035
5037
5039
5040
5041
5044
5045
5046
5047
5049
5050
5051
5052
5053
5054
5056
5057
5058
5059
5060
5063
5064
5066
5067
5068
5069
5070
5074
5075
5076
5078
5080
5081
5082
5083
5084
5085
5086
5087
5089
5090
5093
5095
5096
5097
5099
5100
5101
5102
5104
5105
5107
5108
5109
5110
5111
5114
5116
5117
5118
5119
5120
5121
5122
5123
5125
5126
5129
5130
5132
5133
5135
5136
5137
5138
5139
5143
5144
5146
5147
5156
5160
5161
5162
5163
5164
5165
5166
5169
5170
5171
5172
5173
5175
5176
5180
5181
5182
5183
5185
5186
5187
5189
5190
5191
5192
5193
5194
5196
5198
5200
5202
5203
5204
5205
5206
5210
5211
5212
5213
5214
5215
5216
5217
5218
5219
5220
5221
5222
5223
5225
5228
5229
5230
5231
5232
5234
5235
5236
5237
5238
5239
5240
5242
5243
5245
5246
5249
5250
5253
5254
5255
5256
5258
5260
5263
5266
5267
5268
5270
5271
5272
5275
5276
5278
5279
5281
5282
5286
5289
5290
5291
5292
5294
5297
5298
5300
5301
5302
5305
5307
5309
5310
5312
5313
5314
5316
5319
5320
5321
5326
5327
5328
5329
5331
5332
5333
5334
5335
5336
5337
5338
5339
5340
5341
5342
5344
5345
5346
5350
5352
5353
5354
5355
5357
5358
5359
5360
5362
5364
5365
5366
5367
5369
5370
5371
5373
5374
5376
5379
5380
5383
5384
5386
5387
5389
5390
5392
5394
5396
5397
5399
5403
5404
5405
5406
5407
5408
5409
5410
5412
5415
5416
5417
5419
5420
5423
5425
5426
5427
5428
5429
5430
5431
5432
5433
5434
5435
5436
5437
5439
5440
5441
5444
5445
5446
5448
5451
5454
5455
5458
5459
5461
5462
5463
5466
5467
5469
5470
5471
5474
5477
5482
5486
5488
5490
5491
5492
5493
5494
5495
5497
5499
5500
5501
5502
5506
5507
5508
5509
5510
5511
5512
5513
5514
5515
5517
5520
5521
5522
5523
5525
5526
5528
5531
5534
5535
5536
5538
5539
5540
5541
5543
5545
5546
5552
5553
5554
5556
5557
5559
5560
5562
5563
5564
5565
5566
5568
5569
5570
5572
5573
5574
5575
5577
5578
5579
5580
5581
5585
5586
5589
5590
5591
5592
5595
5596
5597
5598
5599
5600
5601
5604
5606
5607
5609
5610
5611
5613
5620
5621
5622
5623
5624
5625
5626
5627
5628
5629
5630
5632
5636
5637
5638
5640
5641
5642
5643
5644
5645
5646
5647
5648
5651
5654
5655
5656
5658
5659
5661
5662
5663
5664
5666
5667
5668
5670
5671
5672
5673
5675
5676
5677
5678
5679
5680
5681
5682
5683
5685
5687
5688
5689
5690
5692
5695
5697
5698
5699
5700
5701
5702
5705
5706
5707
5708
5709
5710
5712
5714
5715
5716
5718
5719
5720
5721
5722
5727
5729
5732
5733
5734
5735
5737
5739
5741
5742
5743
5747
5750
5751
5752
5754
5755
5756
5757
5758
5760
5762
5763
5764
5765
5766
5767
5768
5769
5772
5773
5775
5776
5778
5779
5780
5781
5782
5783
5784
5785
5786
5787
5788
5789
5790
5791
5793
5794
5796
5797
5798
5800
5802
5803
5804
5805
5806
5808
5809
5810
5811
5815
5816
5817
5818
5819
5821
5822
5824
5825
5826
5827
5829
5833
5834
5836
5838
5839
5840
5841
5842
5843
5844
5845
5846
5847
5849
5850
5851
5852
5853
5854
5855
5856
5857
5858
5859
5860
5861
5862
5863
5865
5866
5867
5868
5869
5870
5875
5877
5878
5879
5880
5882
5883
5885
5886
5888
5889
5890
5891
5892
5894
5896
5897
5898
5899
5900
5901
5904
5908
5909
5913
5914
5915
5916
5918
5919
5921
5922
5923
5926
5928
5931
5933
5934
5935
5936
5937
5939
5940
5941
5942
5943
5944
5946
5947
5951
5953
5954
5955
5956
5958
5959
5960
5963
5967
5969
5971
5972
5973
5976
5981
5983
5985
5987
5989
5990
5991
5993
5994
5995
5996
5998
6000
6002
6006
6011
6014
6015
6016
6017
6018
6019
6020
6021
6022
6024
6025
6026
6029
6031
6032
6038
6039
6040
6041
6042
6045
6046
6048
6049
6050
6051
6052
6053
6054
6055
6056
6057
6058
6061
6062
6063
6064
6066
6067
6068
6069
6070
6071
6073
6074
6077
6079
6080
6082
6084
6085
6086
6087
6089
6090
6094
6095
6096
6097
6098
6100
6101
6102
6103
6104
6105
6108
6109
6110
6111
6112
6114
6115
6117
6118
6119
6122
6123
6124
6125
6126
6128
6129
6132
6133
6135
6136
6137
6138
6139
6142
6143
6144
6147
6148
6149
6152
6153
6154
6155
6156
6157
6158
6159
6164
6165
6166
6167
6168
6170
6172
6173
6174
6175
6176
6177
6180
6181
6182
6183
6185
6188
6189
6191
6192
6193
6197
6199
6200
6201
6203
6205
6207
6209
6210
6211
6213
6214
6215
6216
6217
6218
6219
6220
6222
6223
6224
6226
6229
6230
6232
6233
6234
6236
6237
6238
6239
6240
6242
6247
6248
6249
6250
6251
6252
6255
6257
6259
6261
6262
6265
6267
6268
6273
6274
6275
6276
6277
6278
6279
6280
6281
6282
6283
6284
6285
6286
6287
6288
6289
6290
6294
6296
6298
6299
6300
6301
6302
6303
6304
6306
6307
6308
6309
6311
6312
6313
6314
6316
6317
6318
6320
6323
6324
6325
6326
6328
6330
6333
6335
6338
6339
6340
6341
6343
6346
6350
6351
6352
6353
6354
6355
6360
6361
6362
6364
6366
6368
6370
6372
6374
6375
6377
6379
6380
6381
6383
6384
6385
6386
6387
6388
6389
6390
6391
6393
6394
6396
6398
6401
6402
6403
6404
6405
6407
6408
6410
6411
6413
6416
6417
6420
6422
6423
6424
6426
6427
6428
6429
6430
6431
6432
6433
6434
6437
6438
6439
6441
6443
6444
6445
6447
6448
6450
6453
6455
6461
6463
6465
6468
6469
6471
6473
6475
6476
6477
6479
6480
6483
6484
6488
6490
6492
6497
6498
6499
6500
6501
6505
6506
6508
6510
6511
6512
6513
6514
6515
6517
6519
6520
6524
6526
6531
6534
6536
6537
6538
6539
6545
6547
6548
6550
6553
6555
6556
6558
6559
6560
6562
6563
6564
6566
6567
6571
6572
6573
6575
6576
6577
6579
6580
6581
6585
6588
6591
6592
6593
6594
6595
6596
6597
6598
6600
6601
6602
6603
6606
6607
6609
6611
6612
6613
6616
6617
6618
6621
6622
6623
6625
6627
6628
6632
6633
6635
6636
6637
6639
6640
6642
6644
6646
6647
6648
6651
6652
6654
6655
6656
6658
6659
6660
6661
6664
6665
6666
6667
6671
6672
6674
6675
6676
6677
6678
6679
6681
6682
6684
6687
6689
6691
6693
6695
6696
6698
6699
6702
6705
6706
6708
6709
6710
6711
6713
6714
6715
6716
6718
6719
6720
6722
6723
6724
6725
6727
6728
6730
6731
6732
6734
6735
6736
6737
6738
6739
6740
6741
6744
6745
6747
6749
6750
6757
6759
6760
6761
6762
6763
6765
6766
6773
6774
6775
6777
6778
6779
6780
6782
6783
6785
6786
6788
6789
6791
6792
6793
6797
6800
6801
6803
6806
6807
6808
6809
6810
6812
6813
6817
6818
6819
6820
6821
6822
6823
6824
6826
6827
6828
6829
6830
6831
6832
6833
6835
6836
6837
6839
6840
6842
6844
6846
6847
6854
6857
6859
6861
6862
6863
6865
6866
6867
6868
6869
6874
6876
6877
6878
6879
6880
6881
6886
6887
6889
6891
6892
6893
6894
6898
6899
6900
6901
6903
6904
6905
6906
6907
6908
6909
6910
6911
6912
6914
6915
6917
6918
6920
6921
6922
6923
6924
6926
6927
6928
6930
6933
6936
6937
6939
6940
6941
6942
6943
6944
6945
6946
6949
6951
6954
6955
6956
6959
6960
6961
6962
6963
6965
6967
6968
6971
6972
6973
6975
6978
6983
6984
6986
6989
6990
6991
6992
6993
6995
7000
7001
7002
7004
7005
7007
7008
7012
7013
7014
7015
7017
7018
7019
7023
7024
7025
7026
7029
7032
7035
7037
7039
7040
7041
7042
7043
7044
7047
7048
7051
7052
7053
7055
7056
7058
7059
7060
7061
7062
7066
7067
7068
7069
7071
7073
7075
7076
7077
7079
7080
7081
7082
7083
7084
7085
7089
7092
7093
7095
7097
7098
7099
7104
7105
7106
7108
7109
7111
7112
7113
7114
7115
7116
7117
7120
7122
7123
7125
7128
7131
7132
7133
7137
7138
7144
7145
7146
7147
7149
7150
7153
7154
7160
7161
7164
7165
7167
7170
7171
7172
7175
7176
7178
7180
7182
7184
7185
7186
7189
7190
7192
7193
7194
7195
7197
7198
7200
7202
7207
7210
7214
7216
7217
7219
7220
7222
7223
7225
7227
7228
7230
7232
7233
7240
7241
7243
7244
7246
7250
7252
7254
7255
7259
7261
7263
7268
7269
7270
7271
7272
7273
7275
7276
7277
7280
7281
7282
7283
7284
7286
7289
7290
7293
7295
7296
7297
7299
7301
7302
7303
7304
7305
7307
7308
7310
7311
7314
7317
7318
7319
7320
7321
7324
7326
7327
7329
7330
7332
7335
7336
7337
7338
7339
7341
7342
7343
7344
7345
7350
7351
7352
7354
7355
7357
7359
7365
7366
7367
7368
7369
7370
7371
7374
7376
7377
7380
7381
7382
7384
7387
7392
7394
7395
7398
7399
7401
7402
7403
7405
7408
7409
7410
7411
7412
7413
7414
7415
7416
7419
7420
7421
7423
7428
7430
7431
7434
7435
7437
7439
7441
7442
7443
7446
7447
7456
7462
7464
7466
7467
7468
7469
7471
7475
7476
7479
7480
7481
7483
7484
7485
7486
7487
7488
7490
7491
7493
7494
7495
7496
7497
7500
7501
7502
7504
7505
7506
7507
7508
7512
7513
7517
7519
7520
7521
7522
7527
7528
7531
7532
7533
7534
7535
7536
7537
7538
7539
7540
7542
7543
7544
7545
7546
7547
7548
7550
7552
7553
7554
7558
7560
7562
7563
7565
7567
7568
7570
7571
7572
7573
7574
7575
7576
7577
7578
7579
7581
7583
7584
7585
7586
7587
7588
7589
7590
7591
7593
7594
7599
7600
7603
7605
7608
7609
7610
7613
7615
7616
7620
7621
7622
7623
7624
7625
7635
7636
7639
7645
7646
7647
7648
7649
7650
7651
7652
7653
7654
7660
7661
7662
7663
7666
7667
7670
7673
7675
7677
7678
7679
7680
7681
7682
7685
7687
7688
7689
7692
7694
7695
7696
7698
7699
7700
7704
7705
7706
7707
7708
7710
7711
7713
7714
7715
7716
7718
7720
7721
7722
7723
7725
7726
7728
7729
7730
7731
7732
7734
7735
7738
7740
7742
7743
7744
7746
7747
7749
7752
7753
7755
7756
7757
7759
7764
7765
7767
7770
7771
7772
7773
7775
7777
7778
7780
7781
7782
7785
7788
7791
7793
7794
7796
7798
7799
7800
7802
7803
7804
7805
7806
7807
7809
7811
7812
7813
7814
7815
7816
7817
7818
7820
7821
7824
7825
7826
7828
7829
7831
7832
7833
7834
7836
7837
7838
7839
7840
7843
7844
7846
7847
7849
7851
7852
7854
7856
7858
7859
7860
7861
7862
7863
7864
7868
7870
7872
7874
7876
7877
7878
7879
7881
7883
7884
7886
7887
7888
7890
7891
7893
7897
7898
7900
7903
7904
7906
7907
7908
7909
7910
7911
7912
7914
7919
7922
7923
7926
7929
7930
7931
7933
7934
7935
7938
7939
7940
7941
7945
7947
7949
7951
7952
7953
7954
7956
7958
7961
7963
7964
7965
7969
7970
7972
7973
7974
7975
7977
7979
7982
7983
7985
7987
7988
7989
7990
7991
7992
7995
7996
7998
8004
8006
8007
8010
8012
8013
8014
8017
8018
8019
8020
8022
8024
8025
8026
8027
8031
8032
8033
8034
8035
8036
8037
8038
8039
8040
8041
8042
8043
8044
8045
8047
8048
8050
8051
8052
8056
8059
8060
8062
8063
8064
8069
8070
8071
8072
8074
8075
8076
8077
8079
8081
8086
8087
8089
8090
8091
8093
8094
8095
8096
8097
8098
8099
8100
8101
8102
8103
8106
8108
8110
8111
8114
8115
8116
8120
8122
8127
8129
8130
8131
8132
8133
8135
8136
8138
8139
8141
8142
8143
8147
8148
8149
8152
8153
8154
8155
8158
8159
8161
8163
8164
8165
8166
8167
8168
8169
8171
8172
8173
8174
8175
8176
8177
8178
8180
8183
8184
8185
8186
8188
8189
8193
8196
8197
8198
8199
8204
8208
8209
8212
8213
8214
8217
8218
8219
8220
8221
8225
8227
8231
8233
8235
8236
8237
8243
8244
8246
8247
8248
8249
8252
8253
8254
8255
8256
8258
8260
8261
8262
8264
8266
8267
8269
8270
8272
8274
8275
8277
8278
8279
8280
8282
8283
8284
8287
8289
8291
8292
8293
8294
8295
8296
8297
8298
8299
8301
8303
8304
8305
8307
8308
8312
8313
8314
8315
8317
8319
8320
8324
8325
8328
8329
8330
8331
8333
8336
8337
8338
8341
8342
8343
8344
8349
8350
8352
8353
8354
8355
8357
8362
8363
8364
8365
8366
8367
8368
8369
8373
8374
8375
8377
8379
8381
8382
8383
8384
8385
8386
8390
8391
8396
8399
8401
8402
8403
8405
8406
8408
8409
8410
8411
8412
8413
8414
8415
8416
8417
8420
8421
8422
8424
8426
8427
8428
8430
8431
8437
8439
8440
8441
8442
8443
8444
8445
8447
8448
8449
8450
8451
8452
8454
8455
8458
8459
8460
8461
8462
8463
8465
8467
8469
8470
8471
8472
8473
8474
8477
8479
8480
8481
8484
8487
8489
8490
8491
8494
8495
8496
8497
8498
8499
8510
8513
8514
8516
8517
8518
8520
8521
8522
8524
8525
8526
8527
8528
8532
8533
8536
8539
8541
8542
8543
8545
8546
8547
8548
8549
8550
8554
8555
8556
8558
8559
8560
8561
8562
8566
8567
8568
8569
8572
8573
8574
8577
8578
8582
8583
8584
8585
8587
8588
8589
8591
8594
8595
8596
8597
8600
8601
8602
8607
8609
8610
8613
8614
8616
8619
8620
8621
8622
8624
8625
8626
8631
8632
8633
8636
8637
8639
8641
8643
8644
8645
8646
8650
8651
8652
8653
8654
8655
8656
8658
8659
8660
8661
8662
8663
8665
8666
8667
8674
8675
8678
8679
8682
8683
8688
8690
8691
8693
8696
8697
8699
8701
8702
8703
8704
8705
8706
8708
8711
8713
8714
8716
8717
8721
8722
8723
8724
8726
8727
8728
8730
8731
8733
8734
8735
8736
8737
8738
8739
8740
8741
8744
8746
8747
8748
8749
8751
8753
8754
8755
8756
8757
8758
8759
8760
8761
8762
8763
8766
8767
8769
8770
8772
8773
8774
8778
8780
8782
8784
8785
8789
8790
8791
8792
8794
8795
8796
8797
8798
8799
8802
8803
8804
8805
8808
8809
8811
8815
8816
8819
8820
8821
8822
8823
8824
8825
8826
8827
8828
8829
8831
8833
8835
8836
8837
8839
8841
8842
8843
8844
8846
8847
8850
8852
8853
8855
8857
8858
8859
8861
8862
8863
8864
8865
8866
8867
8868
8869
8871
8872
8874
8875
8876
8877
8878
8879
8881
8882
8888
8889
8891
8893
8895
8898
8899
8900
8903
8904
8905
8907
8908
8909
8910
8912
8913
8914
8916
8918
8920
8921
8922
8923
8924
8927
8928
8929
8930
8932
8933
8934
8938
8940
8942
8944
8947
8949
8953
8954
8955
8956
8957
8958
8962
8965
8967
8968
8969
8970
8971
8972
8973
8974
8977
8978
8979
8980
8982
8983
8984
8985
8988
8990
8991
8992
8993
8995
8996
8997
8999
9002
9003
9005
9006
9008
9009
9011
9012
9014
9015
9017
9019
9020
9021
9022
9024
9025
9026
9028
9029
9030
9031
9032
9034
9036
9038
9039
9040
9041
9042
9047
9048
9050
9052
9057
9058
9060
9061
9063
9068
9069
9070
9071
9072
9074
9075
9076
9079
9082
9083
9085
9087
9089
9091
9092
9093
9095
9097
9101
9103
9107
9108
9109
9111
9113
9114
9115
9116
9117
9120
9121
9124
9125
9126
9128
9132
9136
9137
9138
9140
9142
9143
9147
9150
9153
9154
9156
9158
9159
9161
9162
9164
9165
9166
9167
9170
9172
9173
9175
9176
9177
9181
9183
9186
9187
9192
9205
9207
9208
9211
9212
9213
9214
9215
9217
9218
9219
9220
9221
9222
9225
9226
9228
9229
9230
9231
9232
9233
9234
9235
9237
9238
9239
9240
9244
9246
9247
9248
9253
9254
9255
9256
9257
9259
9260
9261
9262
9263
9265
9267
9268
9272
9273
9275
9280
9283
9284
9285
9286
9287
9289
9291
9295
9296
9297
9298
9299
9302
9303
9305
9306
9307
9310
9312
9313
9314
9317
9318
9319
9320
9321
9326
9327
9329
9330
9332
9333
9334
9335
9336
9337
9338
9342
9344
9345
9346
9348
9350
9351
9352
9353
9354
9356
9357
9358
9360
9361
9363
9364
9365
9368
9369
9372
9374
9376
9379
9380
9384
9385
9386
9387
9391
9392
9393
9394
9395
9397
9399
9400
9402
9403
9405
9407
9408
9409
9410
9412
9413
9415
9417
9419
9421
9423
9424
9425
9426
9427
9430
9431
9433
9434
9436
9437
9438
9439
9440
9441
9442
9444
9445
9449
9450
9451
9452
9453
9454
9455
9456
9458
9459
9460
9461
9462
9464
9465
9466
9467
9469
9470
9471
9472
9473
9475
9478
9481
9482
9483
9484
9485
9486
9487
9488
9491
9492
9494
9495
9498
9504
9505
9506
9508
9509
9511
9512
9513
9514
9515
9517
9519
9521
9524
9525
9527
9528
9529
9530
9531
9533
9534
9536
9538
9540
9541
9542
9544
9545
9547
9548
9549
9551
9552
9553
9558
9560
9561
9563
9567
9568
9570
9571
9573
9574
9577
9578
9579
9580
9581
9585
9586
9594
9596
9597
9602
9603
9604
9606
9607
9609
9610
9611
9613
9615
9616
9618
9619
9621
9622
9623
9624
9626
9627
9628
9631
9632
9634
9637
9639
9641
9643
9644
9645
9648
9651
9653
9654
9656
9657
9658
9660
9661
9663
9664
9666
9667
9668
9669
9670
9671
9673
9677
9678
9679
9680
9681
9682
9683
9684
9685
9691
9694
9697
9698
9699
9700
9702
9704
9706
9707
9708
9709
9710
9711
9712
9713
9714
9716
9717
9720
9724
9725
9727
9729
9731
9732
9734
9735
9736
9737
9738
9740
9741
9742
9744
9745
9746
9748
9749
9750
9751
9753
9755
9757
9758
9759
9760
9761
9763
9765
9766
9768
9771
9772
9775
9777
9778
9779
9781
9782
9783
9785
9790
9791
9793
9794
9796
9798
9799
9800
9803
9808
9809
9811
9813
9815
9816
9817
9818
9819
9822
9824
9825
9827
9828
9829
9830
9831
9834
9836
9838
9840
9841
9842
9843
9844
9848
9849
9851
9852
9853
9854
9855
9856
9857
9858
9861
9862
9863
9864
9869
9871
9872
9873
9875
9876
9877
9878
9880
9883
9884
9886
9887
9889
9890
9891
9892
9893
9894
9895
9897
9899
9900
9902
9904
9905
9906
9907
9908
9909
9912
9913
9916
9917
9918
9920
9925
9929
9930
9931
9932
9934
9935
9936
9939
9941
9942
9944
9945
9947
9948
9950
9952
9953
9954
9955
9956
9957
9958
9959
9962
9963
9964
9967
9968
9969
9970
9971
9972
9973
9975
9976
9978
9980
9981
9982
9983
9985
9987
9989
9990
9992
9993
9994
9995
9997
9998
9999
10000
10001
10002
10003
10005
10008
10009
10010
10013
10015
10016
10019
10020
10021
10022
10026
10027
10028
10032
10035
10036
10037
10038
10039
10041
10043
10044
10046
10048
10050
10052
10054
10055
10058
10059
10060
10062
10063
10064
10065
10066
10067
10068
10070
10072
10073
10075
10077
10078
10080
10081
10082
10083
10085
10087
10089
10091
10093
10096
10097
10101
10103
10105
10107
10112
10118
10119
10120
10121
10122
10123
10124
10125
10126
10127
10129
10130
10131
10134
10135
10136
10137
10138
10139
10140
10141
10142
10145
10147
10149
10150
10151
10153
10156
10157
10158
10159
10161
10162
10165
10166
10167
10168
10169
10172
10173
10176
10177
10178
10179
10180
10181
10183
10184
10185
10187
10188
10190
10192
10194
10197
10201
10202
10203
10204
10205
10207
10208
10212
10213
10214
10218
10220
10221
10222
10225
10226
10228
10229
10230
10231
10233
10234
10236
10238
10239
10241
10242
10243
10245
10247
10251
10252
10253
10254
10257
10259
10260
10261
10265
10266
10268
10269
10270
10273
10274
10278
10281
10283
10285
10287
10288
10289
10290
10291
10292
10293
10295
10298
10303
10304
10307
10308
10309
10310
10311
10313
10314
10318
10319
10320
10321
10323
10324
10325
10330
10333
10334
10337
10338
10339
10340
10341
10342
10343
10344
10345
10347
10348
10349
10350
10355
10356
10357
10360
10361
10362
10364
10365
10369
10370
10372
10374
10375
10378
10379
10380
10381
10382
10383
10384
10386
10388
10389
10390
10391
10392
10393
10394
10395
10397
10398
10399
10400
10402
10403
10407
10409
10412
10413
10415
10416
10418
10419
10424
10425
10427
10428
10429
10430
10431
10432
10433
10436
10438
10442
10444
10446
10447
10450
10453
10455
10458
10459
10460
10462
10467
10468
10469
10470
10471
10472
10474
10475
10476
10477
10479
10480
10482
10484
10485
10486
10487
10488
10489
10490
10491
10492
10496
10499
10500
10502
10503
10506
10510
10513
10514
10515
10518
10520
10522
10524
10525
10530
10531
10532
10533
10535
10536
10538
10539
10540
10541
10542
10543
10544
10546
10547
10548
10550
10551
10552
10554
10555
10556
10557
10558
10559
10560
10561
10565
10567
10568
10570
10571
10573
10574
10576
10577
10578
10579
10580
10581
10584
10586
10589
10592
10593
10594
10596
10598
10600
10601
10604
10607
10611
10613
10614
10616
10617
10618
10619
10620
10622
10623
10627
10628
10629
10631
10632
10633
10634
10635
10636
10637
10638
10640
10642
10643
10644
10645
10646
10648
10650
10651
10652
10653
10657
10658
10660
10661
10662
10663
10669
10670
10671
10673
10674
10676
10680
10681
10682
10684
10685
10689
10690
10691
10692
10693
10695
10697
10700
10701
10704
10706
10708
10710
10712
10715
10717
10718
10719
10721
10726
10728
10729
10731
10733
10734
10736
10738
10739
10740
10741
10742
10744
10747
10748
10749
10750
10751
10752
10753
10754
10755
10756
10760
10761
10763
10765
10772
10773
10775
10777
10778
10779
10781
10783
10786
10787
10788
10789
10790
10794
10796
10798
10799
10800
10801
10803
10804
10805
10807
10808
10810
10811
10812
10813
10814
10816
10817
10819
10820
10823
10825
10827
10828
10829
10830
10831
10833
10835
10837
10838
10839
10840
10841
10842
10843
10846
10847
10848
10849
10850
10851
10852
10853
10854
10855
10859
10862
10863
10864
10867
10868
10869
10870
10872
10873
10874
10875
10876
10880
10882
10883
10885
10886
10887
10888
10889
10892
10894
10896
10897
10899
10900
10901
10902
10903
10906
10908
10909
10910
10915
10916
10917
10921
10924
10926
10928
10930
10931
10932
10934
10937
10940
10941
10942
10944
10945
10948
10949
10951
10952
10954
10955
10960
10961
10962
10963
10964
10968
10970
10971
10972
10973
10974
10975
10978
10980
10981
10983
10985
10987
10989
10991
10995
10998
11000
11001
11004
11005
11006
11007
11009
11010
11011
11012
11013
11014
11015
11017
11020
11021
11022
11023
11024
11025
11027
11028
11031
11034
11035
11037
11038
11040
11041
11043
11046
11048
11049
11050
11051
11052
11053
11056
11057
11062
11063
11064
11067
11068
11070
11071
11072
11074
11075
11080
11081
11084
11085
11090
11091
11092
11093
11094
11096
11098
11100
11101
11102
11106
11107
11109
11112
11116
11117
11118
11121
11122
11123
11125
11126
11129
11132
11135
11136
11138
11139
11141
11142
11144
11145
11146
11149
11150
11154
11156
11158
11159
11163
11164
11165
11166
11168
11170
11172
11173
11174
11175
11177
11178
11180
11181
11183
11188
11189
11191
11193
11196
11197
11199
11200
11201
11202
11203
11204
11207
11208
11211
11214
11215
11217
11218
11220
11223
11224
11225
11226
11227
11229
11230
11233
11236
11237
11239
11243
11247
11248
11249
11252
11253
11255
11256
11257
11260
11262
11264
11267
11268
11271
11274
11278
11280
11281
11282
11284
11286
11287
11290
11293
11296
11297
11298
11299
11300
11302
11306
11308
11311
11313
11314
11316
11317
11321
11322
11324
11326
11328
11331
11333
11334
11336
11339
11342
11343
11344
11345
11347
11348
11349
11350
11353
11354
11355
11357
11359
11360
11361
11363
11364
11365
11369
11371
11374
11375
11376
11377
11379
11380
11381
11382
11384
11387
11388
11389
11390
11391
11392
11393
11395
11396
11400
11401
11403
11405
11406
11407
11408
11410
11413
11418
11421
11423
11425
11426
11428
11431
11432
11433
11434
11435
11436
11439
11440
11443
11444
11446
11447
11448
11449
11454
11457
11458
11460
11461
11463
11465
11467
11468
11469
11470
11472
11473
11474
11476
11477
11478
11480
11481
11482
11483
11485
11488
11490
11491
11492
11493
11496
11497
11499
11502
11504
11507
11508
11511
11512
11513
11516
11518
11519
11520
11521
11522
11523
11524
11525
11526
11527
11528
11530
11531
11535
11536
11540
11542
11545
11551
11552
11553
11554
11555
11556
11557
11558
11559
11560
11562
11563
11565
11566
11570
11573
11574
11575
11576
11577
11579
11582
11584
11589
11590
11591
11592
11596
11598
11600
11602
11603
11605
11606
11607
11608
11609
11611
11612
11614
11618
11620
11623
11624
11626
11627
11628
11629
11630
11631
11634
11635
11637
11638
11639
11642
11643
11645
11648
11651
11652
11653
11654
11655
11657
11659
11661
11663
11665
11668
11670
11671
11673
11675
11676
11678
11679
11680
11681
11684
11685
11686
11692
11693
11694
11697
11698
11700
11701
11702
11703
11704
11706
11707
11710
11712
11713
11714
11715
11716
11717
11718
11719
11721
11723
11724
11728
11734
11735
11738
11741
11745
11747
11749
11750
11752
11754
11755
11756
11757
11758
11760
11763
11765
11767
11771
11777
11778
11780
11781
11782
11783
11785
11786
11790
11795
11796
11797
11799
11800
11802
11803
11804
11805
11808
11809
11810
11811
11812
11814
11821
11823
11824
11825
11827
11831
11833
11835
11836
11839
11840
11842
11843
11845
11849
11851
11854
11858
11862
11863
11865
11866
11867
11868
11871
11872
11873
11874
11875
11877
11879
11880
11881
11888
11890
11891
11893
11895
11897
11898
11899
11900
11903
11906
11912
11914
11916
11917
11919
11920
11921
11923
11924
11925
11926
11927
11928
11931
11933
11935
11937
11938
11939
11940
11941
11942
11943
11944
11945
11946
11947
11949
11950
11952
11954
11955
11958
11959
11960
11962
11966
11968
11969
11973
11975
11976
11977
11981
11982
11986
11987
11988
11990
11991
11992
11993
11995
11999
12001
12003
12004
12005
12007
12011
12012
12013
12016
12018
12019
12022
12024
12025
12030
12031
12032
12033
12034
12037
12038
12039
12044
12046
12049
12051
12054
12055
12057
12059
12061
12062
12063
12064
12066
12068
12070
12072
12074
12075
12077
12078
12079
12081
12082
12086
12088
12089
12090
12091
12092
12094
12096
12099
12100
12102
12103
12104
12106
12112
12113
12114
12116
12119
12120
12121
12123
12124
12126
12128
12133
12134
12135
12136
12137
12141
12143
12146
12147
12148
12149
12150
12152
12154
12155
12156
12158
12159
12160
12161
12162
12163
12165
12166
12167
12169
12170
12171
12172
12173
12174
12175
12176
12177
12179
12180
12183
12185
12188
12189
12190
12192
12194
12195
12196
12197
12198
12199
12201
12204
12205
12209
12210
12211
12216
12219
12223
12228
12229
12231
12232
12234
12235
12237
12238
12239
12240
12241
12244
12248
12249
12250
12257
12258
12259
12260
12262
12264
12271
12272
12273
12276
12277
12278
12280
12284
12287
12290
12291
12296
12298
12299
12300
12301
12302
12306
12309
12312
12316
12319
12323
12325
12328
12329
12330
12331
12332
12334
12335
12336
12337
12339
12340
12343
12345
12346
12349
12352
12354
12355
12357
12358
12363
12364
12365
12366
12367
12368
12372
12374
12376
12378
12379
12380
12381
12382
12383
12385
12387
12390
12391
12392
12393
12394
12395
12398
12399
12401
12402
12404
12406
12407
12408
12409
12412
12415
12416
12417
12420
12421
12422
12423
12424
12427
12428
12429
12430
12433
12435
12437
12438
12439
12440
12441
12442
12443
12445
12448
12450
12451
12454
12457
12458
12463
12468
12470
12471
12472
12475
12476
12477
12478
12487
12489
12491
12492
12493
12494
12496
12497
12498
12504
12506
12508
12509
12511
12512
12513
12514
12516
12517
12520
12521
12522
12523
12524
12526
12527
12529
12530
12531
12532
12533
12534
12537
12538
12539
12542
12544
12546
12548
12549
12550
12551
12552
12553
12554
12555
12559
12561
12564
12568
12571
12572
12573
12575
12576
12578
12579
12580
12581
12582
12583
12584
12585
12586
12587
12589
12590
12591
12592
12593
12594
12595
12596
12597
12599
12600
12601
12602
12604
12605
12606
12607
12611
12613
12614
12615
12617
12618
12619
12621
12622
12623
12624
12625
12626
12628
12630
12631
12632
12633
12635
12636
12637
12639
12640
12642
12646
12647
12649
12654
12655
12658
12659
12660
12663
12665
12666
12669
12670
12671
12672
12675
12676
12677
12678
12679
12682
12683
12685
12689
12695
12696
12699
12701
12703
12704
12705
12706
12708
12709
12711
12714
12715
12716
12718
12723
12724
12727
12729
12730
12733
12735
12739
12740
12742
12743
12744
12746
12747
12748
12749
12750
12751
12752
12753
12755
12756
12758
12759
12760
12762
12763
12766
12768
12769
12771
12776
12777
12780
12782
12783
12786
12788
12794
12795
12797
12799
12800
12801
12802
12805
12806
12807
12808
12812
12814
12817
12818
12820
12821
12822
12823
12824
12826
12827
12830
12832
12833
12835
12836
12837
12839
12843
12844
12845
12846
12848
12849
12850
12853
12855
12856
12859
12860
12861
12862
12863
12864
12865
12866
12867
12868
12871
12873
12874
12875
12876
12877
12878
12880
12881
12883
12884
12886
12887
12888
12889
12890
12892
12894
12895
12896
12897
12900
12902
12903
12907
12908
12909
12910
12911
12912
12913
12914
12915
12917
12920
12924
12925
12926
12929
12930
12932
12933
12934
12935
12936
12938
12941
12943
12944
12947
12950
12951
12952
12954
12956
12957
12958
12959
12961
12962
12964
12965
12968
12969
12970
12972
12973
12975
12976
12977
12978
12979
12981
12982
12983
12984
12986
12989
12990
12992
12993
13002
13004
13006
13007
13008
13010
13011
13012
13014
13015
13016
13018
13020
13021
13022
13023
13024
13025
13026
13027
13028
13029
13030
13033
13035
13037
13038
13039
13040
13041
13042
13044
13045
13047
13051
13052
13053
13054
13055
13057
13059
13060
13061
13062
13063
13064
13065
13066
13068
13070
13071
13072
13073
13076
13077
13079
13080
13081
13083
13087
13088
13090
13091
13092
13094
13096
13097
13098
13100
13102
13103
13104
13106
13110
13112
13113
13114
13115
13116
13117
13118
13119
13121
13122
13123
13124
13126
13127
13133
13134
13135
13136
13137
13139
13142
13143
13146
13147
13148
13152
13153
13154
13155
13156
13158
13159
13160
13161
13162
13164
13165
13166
13167
13170
13171
13177
13178
13179
13182
13184
13185
13186
13188
13189
13190
13191
13195
13198
13200
13201
13202
13203
13206
13207
13208
13212
13213
13214
13217
13218
13221
13223
13224
13225
13226
13227
13228
13229
13230
13231
13232
13234
13236
13241
13243
13244
13245
13246
13247
13248
13249
13250
13251
13253
13255
13256
13259
13260
13264
13265
13266
13269
13270
13272
13273
13275
13277
13278
13279
13283
13284
13285
13286
13287
13288
13289
13290
13291
13292
13294
13295
13298
13300
13303
13305
13306
13307
13309
13311
13313
13315
13316
13319
13321
13322
13324
13327
13330
13331
13332
13338
13340
13342
13344
13345
13348
13350
13351
13356
13357
13358
13360
13361
13363
13365
13366
13368
13369
13372
13373
13374
13375
13376
13378
13379
13380
13383
13386
13388
13390
13391
13392
13395
13397
13399
13400
13401
13402
13403
13405
13406
13409
13410
13411
13414
13416
13417
13419
13420
13422
13424
13425
13426
13427
13431
13435
13439
13440
13441
13442
13444
13445
13447
13449
13450
13453
13455
13457
13458
13459
13461
13463
13465
13467
13468
13469
13477
13478
13479
13480
13481
13482
13483
13484
13485
13486
13488
13490
13491
13492
13493
13494
13495
13496
13498
13499
13501
13502
13503
13504
13505
13506
13508
13509
13512
13516
13518
13519
13520
13521
13522
13523
13524
13526
13527
13528
13529
13531
13532
13534
13537
13538
13539
13540
13541
13542
13543
13544
13546
13548
13549
13551
13552
13553
13554
13555
13557
13559
13561
13562
13564
13566
13568
13569
13570
13572
13576
13579
13580
13581
13585
13586
13587
13589
13591
13594
13596
13597
13598
13599
13604
13606
13609
13610
13611
13612
13613
13614
13618
13619
13621
13623
13624
13631
13633
13634
13635
13636
13637
13639
13640
13643
13644
13647
13650
13651
13652
13656
13657
13660
13661
13662
13664
13665
13666
13668
13669
13671
13672
13674
13677
13678
13679
13680
13681
13684
13686
13687
13688
13691
13693
13696
13701
13702
13703
13706
13709
13712
13713
13714
13716
13718
13719
13720
13721
13724
13725
13728
13729
13730
13734
13739
13740
13741
13745
13747
13748
13750
13751
13752
13754
13755
13757
13758
13763
13767
13768
13769
13771
13772
13777
13778
13779
13782
13783
13784
13785
13787
13788
13789
13790
13796
13798
13799
13800
13801
13802
13804
13805
13807
13808
13809
13810
13811
13814
13816
13817
13820
13825
13829
13831
13832
13833
13834
13835
13838
13840
13842
13843
13844
13845
13847
13848
13849
13851
13854
13855
13856
13860
13861
13863
13864
13865
13869
13870
13872
13875
13878
13880
13882
13884
13885
13887
13889
13890
13892
13894
13897
13898
13899
13900
13901
13908
13909
13910
13913
13914
13916
13917
13921
13924
13925
13926
13927
13928
13929
13930
13931
13933
13937
13938
13939
13941
13942
13947
13949
13952
13953
13954
13955
13956
13959
13962
13963
13964
13966
13967
13968
13970
13972
13974
13976
13977
13980
13984
13985
13988
13990
13991
13994
13995
13996
13997
13998
13999
14001
14002
14006
14007
14010
14011
14012
14013
14014
14015
14016
14019
14021
14022
14023
14025
14027
14030
14031
14032
14033
14034
14035
14036
14037
14038
14040
14042
14046
14047
14048
14049
14050
14051
14053
14055
14056
14059
14060
14062
14064
14066
14067
14068
14070
14074
14075
14076
14077
14078
14079
14080
14081
14083
14084
14085
14086
14087
14088
14090
14092
14094
14095
14096
14101
14103
14105
14108
14109
14112
14113
14115
14116
14117
14122
14124
14126
14127
14128
14131
14132
14135
14136
14137
14139
14140
14141
14142
14144
14148
14150
14151
14153
14155
14156
14157
14158
14160
14161
14164
14165
14168
14169
14170
14171
14172
14174
14176
14177
14180
14181
14182
14183
14188
14189
14192
14195
14197
14200
14201
14202
14203
14205
14207
14210
14211
14213
14214
14218
14220
14221
14223
14225
14226
14227
14229
14231
14233
14234
14236
14239
14240
14241
14242
14243
14247
14249
14250
14251
14253
14254
14256
14257
14260
14261
14262
14263
14264
14265
14268
14269
14270
14271
14274
14277
14278
14281
14282
14284
14287
14289
14291
14292
14294
14295
14296
14297
14298
14299
14301
14302
14303
14304
14306
14308
14309
14310
14311
14313
14314
14315
14319
14321
14322
14326
14328
14329
14330
14331
14332
14333
14335
14338
14340
14341
14342
14343
14344
14345
14347
14350
14353
14354
14355
14357
14360
14361
14364
14367
14368
14370
14371
14372
14375
14377
14378
14381
14384
14386
14387
14390
14392
14394
14395
14397
14398
14399
14400
14401
14402
14403
14404
14405
14407
14408
14409
14410
14412
14413
14414
14417
14420
14422
14423
14424
14425
14426
14427
14429
14430
14434
14436
14437
14443
14444
14445
14448
14450
14451
14452
14453
14455
14456
14458
14461
14462
14463
14464
14466
14468
14472
14474
14475
14476
14477
14479
14480
14481
14484
14486
14488
14490
14492
14494
14495
14498
14500
14501
14503
14504
14509
14510
14511
14512
14516
14517
14521
14525
14528
14529
14530
14535
14536
14538
14539
14540
14541
14542
14545
14548
14549
14550
14551
14552
14553
14554
14558
14559
14560
14562
14563
14566
14568
14571
14573
14574
14577
14579
14582
14583
14584
14585
14586
14587
14588
14589
14592
14595
14596
14597
14598
14600
14603
14604
14606
14608
14609
14610
14611
14612
14616
14619
14620
14622
14623
14625
14628
14629
14632
14633
14634
14635
14636
14639
14640
14641
14643
14645
14649
14650
14654
14655
14657
14658
14662
14663
14664
14668
14671
14672
14673
14675
14676
14680
14684
14685
14686
14688
14690
14692
14694
14695
14696
14697
14699
14701
14702
14704
14707
14708
14710
14712
14715
14717
14719
14720
14721
14722
14723
14727
14729
14731
14734
14735
14736
14738
14739
14740
14743
14746
14748
14749
14750
14754
14756
14757
14758
14759
14760
14761
14764
14765
14766
14767
14768
14770
14771
14773
14775
14777
14779
14780
14784
14785
14788
14789
14792
14793
14797
14799
14800
14801
14809
14810
14811
14812
14813
14814
14815
14817
14818
14821
14822
14824
14827
14831
14832
14834
14835
14836
14837
14839
14840
14843
14844
14845
14850
14851
14852
14853
14855
14857
14859
14860
14862
14866
14867
14868
14869
14870
14871
14872
14873
14874
14876
14877
14880
14882
14885
14886
14888
14889
14891
14892
14893
14895
14896
14898
14899
14900
14901
14903
14906
14909
14910
14913
14915
14917
14919
14920
14921
14924
14925
14928
14930
14932
14933
14934
14935
14937
14941
14945
14948
14950
14953
14954
14956
14959
14961
14964
14968
14969
14971
14973
14974
14976
14978
14980
14981
14982
14983
14985
14987
14988
14989
14993
14994
14995
14997
14998
14999
15000
15002
15004
15007
15008
15009
15010
15013
15015
15017
15021
15022
15026
15027
15028
15029
15031
15032
15033
15034
15036
15037
15038
15039
15042
15043
15045
15047
15048
15050
15051
15052
15054
15056
15061
15062
15063
15069
15070
15071
15072
15073
15074
15076
15078
15079
15080
15081
15083
15084
15085
15086
15087
15088
15092
15093
15094
15095
15097
15098
15101
15102
15104
15107
15108
15110
15112
15113
15114
15116
15117
15120
15121
15126
15128
15130
15132
15133
15136
15137
15139
15140
15141
15142
15143
15144
15145
15146
15148
15153
15154
15156
15158
15160
15161
15162
15168
15170
15171
15174
15176
15178
15180
15182
15183
15184
15185
15189
15191
15192
15194
15195
15196
15199
15200
15201
15202
15204
15206
15208
15209
15211
15212
15214
15217
15218
15219
15220
15222
15223
15230
15232
15236
15238
15239
15243
15248
15249
15250
15251
15255
15257
15258
15261
15262
15264
15266
15269
15270
15271
15272
15274
15275
15278
15280
15282
15283
15286
15287
15290
15292
15293
15294
15296
15297
15300
15302
15304
15308
15309
15311
15313
15314
15317
15318
15319
15320
15322
15324
15326
15327
15328
15329
15330
15331
15335
15336
15337
15340
15341
15343
15345
15347
15348
15350
15351
15352
15354
15355
15356
15357
15358
15359
15361
15363
15364
15366
15367
15369
15370
15371
15372
15374
15375
15377
15380
15381
15382
15383
15384
15386
15387
15391
15394
15395
15396
15398
15400
15401
15402
15404
15407
15408
15409
15410
15413
15414
15417
15418
15422
15423
15424
15425
15426
15427
15428
15430
15432
15434
15435
15437
15438
15439
15440
15443
15445
15446
15448
15452
15453
15454
15455
15456
15457
15458
15459
15460
15461
15462
15465
15468
15469
15471
15473
15474
15476
15477
15478
15479
15480
15482
15483
15486
15487
15494
15496
15497
15498
15499
15500
15502
15504
15507
15509
15510
15511
15512
15515
15519
15523
15524
15525
15526
15527
15529
15531
15533
15535
15536
15537
15542
15544
15549
15552
15553
15554
15556
15557
15558
15562
15563
15565
15566
15569
15572
15574
15575
15576
15577
15578
15579
15580
15582
15583
15585
15586
15588
15591
15593
15595
15596
15598
15602
15605
15606
15607
15608
15609
15610
15611
15612
15614
15618
15619
15620
15621
15622
15623
15624
15627
15629
15631
15632
15633
15637
15638
15639
15640
15641
15642
15643
15644
15650
15652
15653
15654
15659
15660
15661
15666
15667
15668
15669
15672
15673
15674
15676
15677
15678
15680
15684
15688
15689
15690
15691
15692
15698
15700
15703
15705
15707
15708
15709
15710
15712
15713
15714
15715
15716
15718
15721
15722
15723
15725
15726
15728
15729
15730
15732
15733
15735
15736
15739
15740
15743
15745
15747
15749
15750
15752
15753
15754
15756
15758
15759
15761
15762
15764
15765
15766
15767
15769
15770
15771
15775
15776
15778
15779
15780
15782
15783
15786
15790
15792
15793
15794
15796
15797
15800
15801
15802
15803
15804
15808
15809
15812
15816
15817
15818
15821
15822
15823
15824
15825
15827
15829
15830
15833
15834
15835
15836
15837
15838
15839
15840
15841
15845
15846
15847
15849
15850
15851
15852
15854
15855
15856
15858
15859
15861
15862
15863
15866
15867
15871
15873
15874
15877
15879
15881
15883
15884
15886
15889
15890
15891
15892
15895
15896
15899
15901
15902
15905
15907
15908
15909
15912
15913
15915
15916
15917
15918
15919
15920
15921
15927
15928
15929
15932
15933
15935
15936
15937
15938
15939
15944
15945
15946
15947
15948
15949
15950
15951
15953
15955
15957
15959
15963
15969
15972
15973
15974
15975
15976
15977
15979
15980
15981
15983
15985
15986
15988
15989
15991
15992
15993
15994
15998
16001
16002
16003
16004
16005
16008
16010
16011
16013
16017
16019
16023
16026
16027
16028
16030
16031
16034
16036
16039
16042
16044
16045
16047
16052
16053
16054
16055
16056
16058
16059
16063
16064
16065
16067
16068
16069
16070
16072
16073
16075
16076
16077
16078
16079
16081
16083
16084
16085
16086
16091
16092
16094
16095
16097
16098
16099
16100
16101
16102
16103
16104
16107
16109
16110
16111
16112
16113
16114
16115
16117
16118
16120
16123
16127
16128
16130
16132
16133
16137
16138
16140
16141
16145
16148
16151
16152
16153
16154
16155
16157
16158
16159
16160
16162
16163
16165
16166
16167
16168
16172
16173
16174
16175
16176
16177
16179
16180
16183
16184
16185
16190
16191
16192
16193
16194
16195
16196
16198
16199
16200
16201
16202
16203
16210
16211
16212
16215
16217
16218
16219
16220
16221
16223
16224
16226
16229
16230
16232
16233
16234
16238
16241
16246
16247
16248
16249
16250
16252
16253
16254
16255
16259
16261
16262
16263
16264
16265
16266
16267
16268
16272
16273
16274
16276
16277
16278
16280
16281
16282
16283
16286
16293
16295
16296
16297
16303
16305
16306
16308
16309
16310
16316
16317
16319
16321
16322
16323
16324
16326
16328
16330
16331
16332
16334
16335
16337
16340
16341
16343
16344
16346
16348
16349
16351
16355
16357
16364
16365
16366
16367
16369
16370
16371
16373
16374
16380
16382
16383
16389
16390
16391
16392
16393
16394
16395
16396
16398
16399
16401
16402
16403
16404
16406
16409
16412
16418
16420
16421
16423
16427
16430
16432
16433
16434
16435
16436
16438
16443
16444
16445
16448
16451
16452
16453
16454
16455
16456
16457
16458
16459
16460
16462
16466
16469
16470
16471
16472
16474
16475
16476
16478
16479
16480
16482
16486
16489
16490
16492
16494
16497
16500
16501
16502
16504
16505
16506
16507
16509
16510
16511
16512
16513
16515
16519
16521
16522
16524
16525
16527
16529
16530
16531
16534
16535
16538
16539
16540
16541
16542
16543
16544
16545
16546
16547
16548
16550
16551
16552
16554
16555
16557
16559
16561
16562
16563
16564
16565
16567
16568
16569
16570
16571
16572
16575
16577
16578
16582
16583
16585
16589
16596
16597
16599
16600
16601
16602
16603
16607
16612
16614
16616
16618
16619
16620
16621
16622
16623
16624
16627
16631
16633
16634
16637
16638
16640
16641
16642
16645
16646
16648
16649
16650
16651
16653
16654
16655
16657
16658
16663
16664
16666
16667
16671
16674
16676
16678
16680
16681
16682
16684
16685
16686
16688
16692
16695
16700
16701
16703
16704
16705
16706
16707
16712
16713
16716
16717
16720
16721
16722
16724
16725
16726
16728
16729
16730
16731
16733
16735
16736
16737
16738
16739
16741
16742
16744
16747
16749
16750
16751
16753
16754
16756
16758
16761
16762
16765
16768
16769
16770
16775
16779
16782
16783
16787
16788
16789
16790
16791
16793
16799
16800
16801
16803
16804
16805
16806
16808
16811
16812
16813
16814
16815
16818
16820
16824
16826
16827
16828
16832
16836
16838
16843
16844
16845
16851
16852
16854
16855
16857
16862
16863
16865
16867
16871
16875
16876
16878
16879
16880
16881
16882
16883
16884
16888
16889
16891
16892
16893
16894
16895
16897
16898
16899
16902
16904
16905
16907
16909
16910
16911
16915
16916
16917
16920
16921
16922
16924
16925
16926
16928
16929
16930
16932
16936
16939
16940
16941
16942
16945
16948
16949
16953
16955
16956
16957
16959
16961
16963
16964
16966
16968
16969
16970
16973
16975
16976
16981
16985
16988
16990
16992
16993
16994
16995
16997
16998
16999
17002
17003
17004
17010
17014
17015
17017
17019
17021
17022
17023
17024
17025
17026
17027
17030
17032
17038
17039
17041
17042
17043
17045
17048
17051
17053
17054
17055
17057
17059
17060
17061
17062
17063
17064
17067
17068
17069
17070
17073
17076
17077
17078
17080
17081
17082
17083
17085
17086
17089
17091
17093
17095
17096
17097
17100
17102
17103
17104
17105
17108
17109
17110
17112
17115
17116
17117
17118
17120
17121
17122
17125
17126
17128
17129
17130
17132
17133
17134
17137
17141
17142
17144
17145
17148
17149
17151
17153
17154
17155
17156
17157
17158
17159
17161
17162
17164
17165
17166
17171
17172
17173
17174
17175
17176
17178
17179
17181
17182
17183
17184
17185
17190
17191
17192
17194
17196
17199
17201
17202
17203
17204
17205
17206
17207
17208
17209
17210
17213
17214
17217
17218
17221
17223
17224
17227
17230
17233
17234
17237
17238
17240
17242
17246
17248
17249
17251
17252
17253
17254
17255
17256
17257
17259
17260
17266
17269
17271
17272
17275
17279
17280
17283
17285
17286
17287
17290
17291
17292
17295
17296
17297
17298
17300
17302
17305
17307
17310
17311
17312
17313
17314
17315
17318
17319
17320
17322
17325
17326
17327
17328
17329
17330
17331
17333
17334
17335
17336
17338
17339
17342
17343
17346
17347
17348
17349
17352
17353
17356
17360
17361
17362
17363
17366
17368
17370
17371
17373
17376
17377
17378
17379
17384
17385
17386
17391
17392
17398
17399
17400
17404
17405
17406
17407
17408
17410
17411
17413
17415
17416
17418
17420
17421
17422
17424
17427
17429
17430
17432
17434
17435
17437
17438
17439
17440
17441
17444
17445
17448
17450
17451
17452
17456
17457
17459
17460
17461
17462
17465
17467
17468
17471
17472
17473
17475
17476
17477
17478
17482
17483
17487
17489
17490
17492
17494
17495
17496
17497
17500
17501
17502
17503
17505
17506
17509
17511
17512
17514
17515
17516
17517
17519
17522
17523
17524
17525
17526
17529
17530
17531
17534
17536
17537
17540
17543
17545
17549
17550
17551
17553
17554
17555
17557
17559
17560
17563
17564
17565
17567
17568
17569
17570
17572
17573
17575
17578
17581
17583
17584
17585
17586
17587
17588
17589
17590
17592
17593
17595
17596
17597
17599
17600
17601
17603
17604
17606
17607
17608
17609
17612
17613
17615
17619
17620
17621
17624
17625
17626
17630
17631
17632
17633
17634
17635
17638
17639
17641
17643
17644
17645
17648
17649
17650
17652
17653
17656
17657
17658
17661
17662
17664
17666
17668
17669
17672
17673
17675
17676
17677
17682
17687
17690
17691
17697
17698
17699
17702
17705
17707
17708
17710
17712
17716
17719
17721
17722
17727
17728
17730
17731
17733
17734
17735
17736
17738
17743
17744
17745
17747
17748
17749
17750
17754
17755
17758
17760
17764
17766
17767
17768
17770
17771
17772
17774
17775
17777
17778
17782
17783
17786
17787
17791
17793
17794
17795
17796
17797
17798
17800
17801
17802
17803
17804
17807
17809
17810
17811
17812
17816
17818
17819
17820
17822
17825
17827
17828
17829
17830
17836
17840
17842
17843
17844
17845
17846
17847
17850
17853
17856
17858
17861
17865
17866
17867
17871
17873
17874
17875
17876
17877
17878
17882
17884
17886
17887
17888
17890
17891
17892
17895
17897
17899
17900
17902
17904
17905
17906
17907
17908
17909
17910
17911
17913
17914
17915
17917
17918
17919
17924
17925
17926
17927
17929
17930
17931
17933
17935
17937
17938
17939
17941
17946
17947
17948
17949
17951
17952
17953
17954
17955
17958
17959
17960
17961
17964
17967
17970
17973
17976
17977
17978
17979
17981
17984
17985
17986
17987
17988
17990
17991
17992
17993
17994
17997
17998
17999
18000
18003
18006
18012
18014
18019
18021
18024
18027
18028
18030
18031
18034
18035
18037
18040
18041
18042
18044
18046
18047
18049
18052
18056
18057
18058
18060
18062
18063
18064
18067
18072
18074
18077
18087
18091
18092
18093
18095
18096
18098
18101
18104
18105
18106
18108
18109
18110
18112
18113
18114
18116
18117
18118
18119
18120
18123
18125
18126
18127
18130
18131
18132
18135
18138
18139
18140
18141
18142
18145
18146
18147
18148
18149
18152
18154
18155
18157
18158
18159
18160
18162
18163
18164
18167
18168
18169
18173
18174
18175
18176
18179
18180
18183
18190
18191
18195
18196
18197
18198
18202
18203
18205
18207
18208
18209
18210
18211
18215
18216
18217
18218
18220
18223
18225
18228
18230
18231
18233
18234
18235
18237
18239
18242
18243
18245
18246
18247
18248
18250
18251
18256
18258
18260
18261
18264
18267
18270
18271
18276
18277
18278
18280
18283
18285
18287
18288
18289
18291
18292
18294
18295
18296
18300
18301
18302
18304
18306
18307
18309
18310
18311
18315
18316
18317
18318
18323
18328
18335
18336
18337
18341
18342
18343
18345
18346
18348
18349
18351
18352
18353
18355
18360
18361
18363
18364
18365
18366
18369
18370
18371
18375
18376
18379
18380
18383
18390
18393
18394
18395
18396
18397
18403
18405
18406
18407
18408
18412
18414
18416
18421
18422
18426
18427
18429
18431
18437
18439
18440
18441
18442
18443
18444
18447
18452
18453
18454
18455
18457
18458
18459
18463
18464
18467
18468
18469
18472
18474
18476
18477
18479
18480
18483
18484
18485
18488
18489
18490
18491
18492
18494
18497
18498
18499
18500
18501
18502
18504
18508
18510
18512
18513
18517
18518
18520
18521
18523
18525
18527
18528
18529
18533
18534
18538
18539
18540
18547
18550
18551
18552
18553
18554
18555
18556
18557
18558
18561
18562
18564
18566
18568
18569
18573
18574
18575
18577
18578
18579
18581
18582
18583
18584
18586
18588
18589
18590
18591
18592
18593
18596
18597
18598
18600
18602
18603
18604
18605
18608
18609
18610
18612
18613
18615
18616
18617
18618
18619
18622
18623
18625
18627
18628
18629
18632
18633
18635
18636
18638
18639
18640
18641
18644
18645
18649
18651
18652
18653
18655
18657
18659
18660
18664
18667
18668
18669
18670
18671
18672
18673
18675
18676
18678
18679
18680
18682
18684
18686
18687
18688
18689
18690
18693
18695
18696
18698
18700
18702
18703
18704
18706
18707
18708
18711
18713
18714
18715
18716
18717
18718
18720
18723
18727
18728
18730
18731
18732
18736
18738
18740
18742
18743
18744
18745
18746
18747
18749
18750
18751
18753
18755
18756
18757
18760
18761
18762
18763
18766
18767
18768
18769
18770
18774
18775
18777
18779
18780
18781
18783
18787
18788
18789
18792
18793
18794
18795
18799
18802
18804
18806
18809
18810
18811
18812
18814
18815
18816
18818
18819
18820
18821
18824
18825
18826
18827
18828
18829
18832
18833
18835
18836
18837
18838
18839
18841
18842
18843
18845
18847
18851
18854
18855
18856
18857
18859
18862
18866
18868
18869
18870
18871
18872
18873
18874
18876
18878
18880
18882
18883
18884
18885
18886
18891
18892
18896
18897
18899
18903
18905
18906
18907
18908
18909
18911
18912
18913
18914
18915
18916
18919
18921
18922
18923
18924
18925
18926
18928
18930
18932
18933
18934
18937
18939
18940
18942
18943
18945
18946
18947
18948
18949
18951
18954
18957
18959
18960
18963
18964
18965
18966
18967
18968
18969
18970
18973
18974
18978
18979
18980
18981
18982
18984
18985
18988
18989
18990
18991
18992
18995
18996
19000
19001
19002
19006
19008
19010
19011
19012
19013
19014
19015
19017
19018
19019
19020
19022
19023
19024
19025
19027
19029
19030
19031
19032
19035
19036
19040
19041
19044
19045
19046
19047
19049
19050
19051
19052
19053
19055
19056
19057
19058
19060
19061
19062
19064
19067
19069
19070
19072
19074
19076
19078
19081
19085
19087
19088
19091
19092
19095
19098
19099
19100
19102
19103
19105
19106
19107
19108
19109
19110
19112
19114
19115
19116
19118
19119
19122
19123
19127
19131
19133
19136
19137
19138
19139
19141
19142
19143
19144
19145
19146
19147
19148
19149
19152
19158
19159
19162
19163
19166
19168
19170
19174
19175
19177
19179
19180
19181
19184
19186
19187
19188
19189
19195
19196
19197
19198
19201
19202
19204
19205
19211
19212
19214
19219
19221
19225
19226
19227
19232
19233
19234
19236
19237
19240
19241
19243
19245
19246
19248
19252
19253
19254
19255
19256
19257
19258
19259
19261
19262
19263
19264
19265
19266
19267
19269
19270
19271
19272
19273
19274
19275
19276
19277
19279
19280
19281
19282
19283
19286
19288
19289
19291
19292
19300
19301
19302
19306
19307
19310
19312
19316
19318
19320
19321
19323
19324
19326
19327
19328
19333
19335
19336
19337
19340
19342
19344
19346
19349
19351
19352
19355
19357
19358
19359
19364
19367
19368
19369
19375
19376
19378
19380
19381
19383
19384
19386
19387
19389
19392
19393
19395
19396
19397
19398
19400
19401
19405
19406
19407
19409
19410
19414
19415
19416
19417
19421
19422
19423
19424
19425
19427
19428
19429
19431
19433
19434
19435
19436
19437
19440
19441
19444
19446
19447
19449
19451
19453
19454
19455
19456
19457
19458
19459
19461
19462
19463
19464
19465
19467
19469
19471
19472
19473
19477
19480
19481
19484
19485
19486
19487
19489
19493
19494
19495
19498
19501
19502
19503
19504
19505
19506
19507
19512
19514
19517
19519
19520
19523
19524
19526
19527
19529
19530
19534
19535
19538
19539
19540
19543
19544
19547
19548
19549
19553
19555
19556
19557
19558
19561
19562
19566
19567
19569
19570
19572
19574
19576
19577
19578
19579
19580
19581
19585
19586
19587
19588
19589
19590
19592
19593
19595
19596
19597
19600
19602
19606
19607
19608
19609
19610
19612
19615
19616
19618
19620
19621
19622
19624
19625
19626
19628
19629
19630
19632
19634
19635
19636
19639
19642
19645
19646
19649
19650
19652
19655
19659
19662
19664
19665
19666
19668
19669
19670
19671
19675
19685
19686
19688
19690
19692
19693
19695
19699
19701
19702
19704
19706
19707
19709
19710
19712
19714
19715
19718
19719
19722
19724
19725
19726
19728
19729
19731
19734
19736
19737
19739
19744
19745
19749
19751
19754
19756
19757
19759
19760
19761
19762
19763
19766
19767
19768
19769
19772
19775
19778
19780
19781
19785
19786
19788
19790
19791
19793
19795
19797
19801
19802
19804
19805
19806
19811
19812
19813
19814
19815
19820
19824
19826
19829
19830
19831
19832
19833
19834
19836
19837
19840
19841
19847
19849
19851
19852
19854
19856
19858
19859
19861
19863
19865
19866
19867
19870
19871
19875
19877
19881
19882
19883
19884
19887
19888
19891
19892
19893
19895
19896
19898
19899
19900
19904
19905
19906
19909
19910
19913
19914
19915
19916
19917
19918
19919
19920
19925
19926
19929
19931
19932
19933
19934
19935
19936
19938
19939
19943
19945
19946
19947
19950
19954
19955
19956
19957
19959
19960
19962
19964
19966
19967
19968
19969
19970
19971
19972
19976
19977
19978
19980
19981
19982
19985
19988
19990
19991
19993
19994
20001
20002
20004
20005
20006
20007
20009
20010
20011
20014
20017
20019
20020
20023
20026
20028
20029
20030
20032
20034
20036
20038
20039
20045
20048
20050
20052
20055
20056
20057
20058
20061
20063
20067
20074
20075
20077
20079
20080
20082
20085
20091
20092
20093
20094
20095
20098
20101
20102
20103
20105
20106
20108
20109
20110
20111
20112
20113
20114
20118
20120
20121
20122
20123
20127
20129
20132
20134
20135
20137
20140
20141
20142
20144
20146
20148
20149
20150
20154
20155
20156
20159
20161
20162
20163
20164
20166
20168
20172
20173
20174
20175
20178
20179
20180
20181
20182
20183
20184
20185
20186
20187
20188
20192
20195
20197
20200
20201
20202
20204
20205
20208
20211
20212
20214
20215
20217
20220
20222
20223
20226
20228
20229
20233
20234
20235
20236
20237
20240
20241
20245
20248
20249
20250
20251
20253
20254
20255
20256
20257
20261
20262
20263
20265
20267
20268
20272
20273
20275
20276
20277
20279
20280
20281
20282
20284
20285
20287
20288
20290
20291
20292
20293
20294
20295
20298
20301
20303
20304
20306
20307
20309
20312
20313
20314
20315
20316
20320
20323
20324
20325
20329
20331
20333
20335
20336
20338
20339
20340
20341
20344
20348
20350
20351
20354
20358
20361
20362
20363
20364
20365
20366
20370
20372
20374
20375
20376
20379
20382
20383
20387
20388
20389
20390
20393
20394
20398
20403
20404
20405
20406
20407
20412
20414
20417
20419
20420
20421
20422
20423
20425
20429
20431
20432
20435
20436
20437
20438
20439
20441
20443
20446
20447
20449
20450
20452
20454
20455
20457
20458
20459
20460
20462
20463
20464
20465
20466
20467
20468
20471
20472
20473
20474
20475
20476
20477
20479
20480
20482
20483
20484
20486
20490
20491
20492
20495
20496
20498
20499
20501
20505
20509
20515
20516
20522
20523
20524
20525
20526
20530
20532
20533
20534
20535
20537
20539
20541
20544
20545
20546
20547
20550
20552
20554
20555
20557
20558
20559
20560
20564
20569
20570
20573
20575
20578
20579
20581
20585
20586
20591
20592
20593
20597
20601
20602
20603
20604
20606
20610
20611
20612
20613
20614
20616
20618
20619
20620
20623
20627
20628
20630
20632
20634
20635
20636
20637
20638
20640
20641
20642
20643
20645
20646
20647
20651
20652
20653
20654
20657
20658
20659
20665
20669
20671
20672
20675
20676
20678
20679
20680
20681
20682
20683
20684
20688
20689
20690
20691
20694
20695
20696
20697
20699
20702
20708
20711
20714
20717
20718
20720
20721
20722
20723
20726
20727
20730
20731
20733
20735
20736
20738
20739
20740
20741
20742
20743
20746
20747
20748
20749
20750
20751
20757
20761
20764
20765
20766
20768
20772
20777
20778
20779
20780
20781
20783
20789
20794
20796
20797
20798
20801
20803
20805
20808
20809
20810
20811
20814
20816
20819
20820
20821
20824
20825
20826
20827
20828
20829
20830
20833
20836
20838
20840
20841
20842
20843
20846
20848
20850
20852
20854
20855
20856
20858
20860
20862
20863
20864
20867
20868
20869
20871
20872
20873
20874
20876
20877
20883
20885
20886
20890
20892
20896
20897
20898
20899
20900
20902
20903
20904
20905
20907
20910
20911
20912
20915
20917
20919
20920
20923
20926
20927
20929
20931
20932
20934
20936
20937
20941
20942
20945
20948
20949
20953
20955
20956
20957
20960
20961
20963
20965
20966
20974
20975
20976
20977
20978
20979
20983
20984
20991
20992
20993
20995
20996
20997
20998
20999
21000
21004
21005
21007
21014
21016
21017
21018
21019
21023
21027
21028
21032
21033
21035
21036
21038
21039
21040
21041
21043
21044
21045
21046
21048
21049
21052
21053
21054
21055
21057
21059
21061
21064
21065
21071
21072
21073
21077
21078
21081
21084
21085
21086
21087
21088
21092
21093
21095
21099
21101
21106
21108
21111
21112
21113
21114
21115
21117
21119
21121
21122
21123
21125
21128
21133
21134
21135
21137
21139
21140
21141
21142
21145
21146
21147
21148
21150
21151
21154
21156
21157
21158
21159
21160
21162
21163
21164
21165
21168
21170
21174
21176
21177
21179
21182
21183
21184
21185
21186
21189
21193
21197
21198
21200
21201
21202
21203
21205
21208
21209
21212
21213
21216
21217
21219
21225
21227
21228
21231
21235
21236
21237
21240
21242
21244
21245
21247
21251
21253
21255
21256
21257
21260
21261
21262
21267
21270
21271
21273
21274
21275
21276
21277
21278
21280
21281
21282
21285
21286
21287
21288
21291
21292
21300
21303
21304
21305
21307
21308
21309
21310
21312
21316
21318
21320
21321
21322
21326
21328
21329
21330
21332
21335
21337
21341
21342
21343
21345
21346
21347
21348
21350
21351
21353
21357
21358
21359
21360
21362
21364
21365
21366
21367
21368
21370
21372
21374
21375
21380
21381
21385
21386
21389
21393
21394
21395
21397
21398
21400
21405
21406
21411
21412
21415
21417
21418
21419
21422
21423
21425
21430
21431
21433
21434
21438
21439
21440
21441
21442
21443
21446
21447
21448
21449
21450
21453
21456
21457
21459
21460
21463
21464
21466
21467
21468
21472
21473
21474
21477
21478
21479
21480
21482
21483
21485
21486
21490
21491
21494
21495
21497
21498
21501
21505
21506
21509
21511
21512
21514
21515
21516
21518
21519
21521
21523
21524
21527
21528
21530
21532
21533
21535
21537
21539
21541
21542
21543
21546
21551
21554
21555
21556
21559
21565
21566
21567
21568
21570
21571
21572
21574
21575
21576
21577
21578
21579
21580
21581
21583
21585
21586
21587
21589
21592
21600
21601
21604
21605
21610
21611
21612
21615
21616
21617
21619
21620
21621
21622
21627
21628
21630
21631
21632
21633
21634
21635
21636
21640
21645
21647
21648
21651
21652
21653
21654
21655
21656
21658
21659
21660
21661
21662
21663
21666
21667
21668
21672
21673
21674
21676
21682
21683
21684
21685
21690
21693
21694
21699
21700
21702
21703
21704
21705
21706
21708
21709
21710
21712
21713
21716
21717
21719
21720
21721
21724
21726
21729
21731
21732
21733
21734
21735
21739
21741
21744
21745
21746
21747
21749
21750
21751
21753
21755
21756
21757
21758
21759
21760
21765
21766
21767
21768
21771
21775
21778
21781
21783
21785
21789
21791
21792
21793
21796
21799
21800
21801
21803
21804
21805
21806
21809
21811
21812
21813
21814
21816
21817
21818
21819
21821
21823
21824
21826
21828
21829
21830
21831
21832
21833
21835
21836
21838
21839
21841
21842
21845
21846
21847
21849
21852
21853
21858
21860
21861
21863
21864
21865
21867
21870
21872
21874
21876
21877
21878
21879
21881
21885
21886
21888
21889
21890
21891
21893
21894
21895
21896
21897
21898
21899
21902
21904
21906
21907
21908
21909
21911
21912
21913
21915
21917
21918
21919
21920
21922
21924
21925
21926
21927
21928
21929
21930
21932
21933
21935
21937
21939
21940
21942
21945
21946
21949
21951
21952
21953
21955
21956
21957
21959
21960
21961
21962
21963
21965
21966
21967
21969
21971
21975
21977
21978
21979
21980
21981
21986
21987
21989
21990
21991
21992
21993
21995
21997
21999
22000
22003
22005
22006
22007
22009
22010
22011
22013
22014
22015
22017
22018
22021
22022
22024
22026
22028
22032
22033
22034
22035
22036
22037
22038
22039
22043
22044
22048
22049
22050
22052
22056
22058
22059
22060
22063
22065
22066
22067
22068
22069
22071
22072
22073
22074
22076
22077
22078
22079
22080
22082
22086
22090
22091
22093
22094
22100
22101
22102
22103
22105
22106
22109
22112
22113
22114
22115
22117
22118
22120
22123
22124
22126
22127
22129
22131
22137
22138
22140
22142
22143
22147
22149
22150
22151
22153
22154
22155
22156
22157
22158
22159
22160
22161
22162
22164
22165
22166
22167
22168
22169
22170
22173
22175
22176
22177
22178
22179
22180
22181
22182
22184
22185
22186
22187
22188
22190
22191
22192
22193
22194
22195
22199
22201
22205
22207
22208
22209
22210
22212
22214
22215
22216
22218
22219
22220
22223
22226
22230
22231
22232
22237
22240
22242
22243
22245
22246
22247
22249
22250
22253
22254
22258
22259
22260
22261
22264
22265
22266
22267
22268
22269
22270
22273
22276
22279
22281
22282
22283
22284
22286
22287
22288
22291
22292
22293
22296
22297
22298
22300
22302
22303
22304
22307
22308
22309
22311
22313
22314
22317
22318
22319
22321
22324
22328
22330
22331
22332
22334
22335
22336
22337
22339
22343
22344
22345
22347
22348
22349
22350
22352
22353
22354
22355
22356
22359
22360
22363
22365
22366
22368
22369
22370
22371
22372
22374
22375
22376
22378
22379
22380
22381
22384
22385
22386
22388
22391
22393
22395
22396
22397
22398
22400
22402
22403
22404
22405
22406
22408
22410
22411
22412
22416
22418
22420
22421
22422
22423
22424
22425
22426
22429
22430
22431
22435
22436
22439
22441
22442
22444
22445
22449
22451
22456
22458
22459
22460
22461
22462
22464
22465
22466
22467
22469
22470
22474
22475
22481
22484
22491
22492
22495
22496
22498
22499
22500
22502
22508
22509
22511
22514
22516
22518
22520
22524
22525
22527
22531
22533
22534
22535
22538
22539
22542
22544
22548
22549
22550
22551
22552
22553
22554
22556
22558
22559
22562
22563
22564
22567
22568
22569
22570
22573
22577
22580
22581
22585
22587
22588
22590
22591
22595
22597
22598
22600
22601
22602
22603
22604
22607
22608
22612
22614
22615
22616
22619
22625
22627
22629
22630
22633
22634
22636
22637
22638
22639
22642
22643
22644
22645
22647
22648
22650
22651
22653
22654
22656
22658
22659
22660
22665
22667
22668
22669
22670
22671
22672
22674
22678
22680
22681
22682
22683
22684
22685
22688
22689
22692
22693
22695
22697
22700
22701
22703
22704
22705
22710
22713
22714
22716
22718
22721
22723
22724
22725
22728
22729
22730
22731
22732
22734
22735
22738
22739
22740
22741
22742
22745
22751
22753
22754
22755
22757
22758
22760
22763
22767
22768
22769
22773
22774
22775
22779
22780
22781
22783
22784
22785
22786
22789
22790
22792
22793
22795
22797
22798
22799
22800
22801
22802
22803
22804
22806
22807
22808
22809
22814
22819
22822
22823
22824
22825
22827
22828
22832
22835
22841
22845
22846
22847
22850
22852
22853
22854
22855
22857
22859
22860
22861
22863
22864
22867
22870
22872
22874
22877
22883
22884
22889
22890
22891
22892
22894
22896
22897
22899
22902
22904
22906
22907
22909
22910
22911
22912
22915
22917
22921
22923
22931
22932
22933
22934
22935
22936
22937
22939
22944
22952
22957
22958
22959
22961
22962
22963
22964
22966
22976
22977
22981
22983
22985
22986
22987
22988
22990
22991
22992
22993
22994
22995
22997
22998
22999
23000
23002
23003
23004
23006
23007
23008
23009
23011
23013
23015
23017
23019
23020
23021
23022
23024
23025
23026
23029
23031
23032
23034
23035
23037
23038
23040
23041
23043
23045
23047
23048
23051
23052
23054
23055
23056
23057
23058
23060
23061
23062
23063
23064
23065
23067
23068
23072
23076
23077
23078
23080
23081
23083
23084
23085
23086
23088
23092
23093
23094
23095
23097
23098
23101
23102
23103
23104
23105
23107
23108
23113
23114
23115
23116
23119
23123
23124
23131
23132
23136
23137
23138
23141
23143
23145
23146
23151
23152
23154
23156
23159
23161
23166
23169
23170
23171
23172
23173
23174
23175
23176
23177
23178
23179
23182
23183
23184
23185
23192
23193
23194
23195
23198
23200
23201
23202
23203
23207
23209
23210
23211
23215
23217
23218
23221
23222
23223
23224
23232
23233
23234
23237
23239
23241
23242
23244
23246
23247
23248
23249
23250
23253
23255
23257
23258
23259
23263
23264
23265
23266
23267
23270
23271
23273
23274
23275
23278
23279
23280
23281
23283
23286
23287
23288
23291
23292
23293
23294
23295
23297
23299
23300
23303
23304
23308
23311
23313
23315
23318
23319
23321
23322
23323
23324
23325
23328
23329
23330
23331
23332
23335
23337
23338
23343
23344
23345
23346
23347
23348
23349
23351
23354
23357
23358
23359
23360
23361
23363
23364
23365
23368
23369
23372
23373
23376
23377
23378
23380
23384
23387
23388
23389
23395
23396
23397
23398
23399
23401
23403
23404
23405
23406
23409
23411
23412
23413
23414
23416
23418
23419
23421
23423
23424
23426
23430
23431
23432
23433
23434
23437
23439
23440
23442
23443
23446
23448
23452
23453
23454
23456
23457
23458
23459
23462
23468
23470
23472
23473
23476
23477
23478
23479
23480
23482
23483
23484
23485
23487
23490
23493
23495
23496
23497
23498
23499
23501
23503
23504
23505
23508
23509
23510
23511
23512
23514
23515
23516
23517
23518
23520
23521
23525
23526
23527
23529
23530
23531
23533
23534
23536
23538
23540
23542
23545
23547
23548
23549
23550
23551
23552
23553
23556
23559
23562
23564
23565
23566
23570
23571
23572
23574
23575
23577
23578
23579
23580
23583
23584
23588
23589
23590
23591
23594
23595
23596
23598
23601
23602
23603
23604
23606
23607
23612
23613
23614
23615
23616
23617
23618
23619
23621
23622
23623
23629
23631
23632
23634
23636
23638
23639
23640
23647
23648
23649
23651
23655
23657
23658
23660
23663
23672
23673
23675
23676
23677
23680
23681
23682
23684
23688
23689
23695
23696
23697
23700
23701
23703
23704
23708
23715
23716
23718
23719
23721
23722
23723
23724
23725
23727
23728
23729
23730
23731
23732
23734
23736
23737
23738
23743
23744
23746
23747
23750
23752
23754
23757
23759
23761
23762
23764
23767
23768
23772
23773
23776
23777
23778
23779
23783
23785
23786
23788
23789
23791
23794
23795
23797
23799
23801
23803
23804
23805
23807
23808
23809
23810
23811
23815
23817
23818
23821
23822
23823
23825
23826
23827
23828
23829
23832
23834
23835
23837
23839
23840
23842
23843
23844
23845
23846
23848
23850
23852
23854
23859
23861
23862
23865
23866
23867
23870
23871
23873
23874
23875
23876
23878
23880
23881
23883
23884
23887
23888
23891
23892
23894
23897
23900
23901
23902
23905
23908
23909
23910
23911
23913
23914
23915
23916
23917
23918
23919
23922
23923
23924
23927
23929
23935
23938
23939
23944
23945
23947
23948
23949
23951
23952
23953
23955
23956
23957
23960
23962
23963
23965
23966
23968
23971
23972
23975
23976
23977
23978
23981
23982
23983
23985
23986
23987
23990
23994
23997
24004
24005
24007
24008
24009
24010
24013
24015
24016
24020
24025
24026
24027
24028
24033
24034
24035
24041
24042
24043
24049
24050
24051
24054
24055
24057
24059
24060
24061
24062
24063
24064
24065
24066
24068
24069
24073
24076
24077
24078
24079
24080
24081
24082
24083
24084
24085
24087
24089
24090
24093
24095
24096
24098
24100
24101
24103
24104
24107
24108
24110
24111
24114
24115
24116
24117
24118
24121
24123
24124
24125
24126
24127
24128
24129
24130
24131
24133
24136
24137
24138
24139
24140
24141
24143
24144
24145
24147
24148
24149
24150
24151
24152
24153
24154
24156
24157
24161
24162
24164
24165
24167
24168
24169
24170
24172
24173
24174
24175
24177
24178
24180
24181
24182
24184
24186
24189
24190
24191
24196
24198
24199
24200
24202
24203
24205
24207
24208
24212
24213
24215
24216
24217
24219
24220
24224
24225
24226
24228
24229
24230
24231
24232
24233
24235
24236
24237
24240
24242
24243
24244
24247
24248
24253
24254
24257
24259
24260
24262
24264
24265
24266
24271
24276
24278
24282
24283
24284
24286
24288
24289
24290
24291
24294
24297
24298
24300
24301
24302
24303
24307
24308
24311
24312
24313
24316
24317
24318
24320
24322
24324
24327
24329
24331
24332
24333
24334
24335
24336
24344
24345
24346
24350
24354
24356
24357
24358
24359
24360
24362
24366
24368
24369
24372
24374
24380
24381
24382
24384
24386
24387
24388
24389
24390
24391
24394
24395
24398
24399
24400
24401
24403
24404
24406
24408
24410
24412
24414
24416
24417
24418
24419
24421
24424
24426
24427
24428
24431
24432
24434
24437
24439
24441
24442
24448
24449
24450
24451
24452
24455
24457
24459
24465
24467
24469
24470
24471
24474
24475
24477
24479
24480
24481
24483
24484
24485
24489
24490
24492
24496
24497
24498
24500
24501
24504
24506
24507
24509
24510
24513
24517
24521
24522
24523
24524
24526
24527
24529
24535
24538
24541
24545
24546
24547
24550
24551
24554
24563
24564
24566
24568
24569
24571
24572
24574
24575
24578
24579
24580
24583
24584
24586
24587
24590
24591
24592
24593
24594
24595
24596
24597
24598
24599
24601
24602
24603
24604
24610
24615
24618
24619
24620
24621
24622
24623
24625
24626
24630
24631
24638
24639
24641
24643
24644
24646
24649
24650
24653
24656
24657
24658
24659
24662
24663
24664
24666
24668
24669
24671
24673
24674
24676
24677
24678
24679
24685
24687
24688
24692
24693
24696
24697
24699
24700
24701
24702
24704
24707
24708
24709
24711
24713
24718
24719
24720
24721
24724
24726
24727
24728
24730
24732
24736
24743
24745
24747
24748
24750
24753
24758
24760
24763
24765
24768
24769
24770
24771
24773
24774
24775
24776
24780
24783
24784
24785
24787
24789
24790
24791
24792
24798
24801
24802
24804
24805
24806
24807
24809
24810
24811
24812
24814
24816
24818
24819
24821
24822
24824
24827
24828
24829
24835
24837
24839
24840
24841
24842
24843
24846
24849
24852
24855
24858
24859
24860
24861
24862
24863
24870
24872
24873
24876
24877
24880
24881
