1
2
3
5
6
7
11
13
17
18
19
20
21
22
24
25
26
28
29
31
32
33
35
36
38
39
41
42
43
44
45
46
47
48
49
50
51
53
54
55
57
58
60
63
65
69
72
77
78
81
84
85
86
87
88
89
90
93
95
97
99
101
102
103
105
107
111
113
114
116
117
118
120
122
123
124
126
127
128
131
132
133
134
135
137
138
139
143
144
146
148
149
150
152
154
155
157
158
160
161
162
163
164
165
166
168
170
171
172
176
179
180
181
183
185
186
188
189
190
192
193
194
196
197
199
205
207
210
211
213
214
215
217
219
220
221
222
226
227
228
229
234
235
241
242
243
244
245
246
247
248
249
250
251
253
256
258
259
260
261
262
263
266
268
269
271
272
273
276
279
280
281
283
284
285
287
292
295
296
297
304
308
309
310
312
313
314
316
317
318
323
324
326
328
329
330
332
335
339
343
344
347
350
351
352
353
354
355
356
359
360
361
362
364
365
369
370
372
375
376
377
378
379
381
382
384
385
386
387
389
390
395
397
398
399
400
402
405
406
407
408
409
410
411
412
413
414
416
417
418
419
420
421
422
427
429
434
436
438
439
440
441
444
446
447
448
450
452
453
454
455
456
457
458
459
460
463
464
465
467
469
470
472
477
480
482
484
488
493
495
496
497
498
499
500
501
502
503
504
507
508
509
510
512
513
514
515
517
518
519
521
522
523
524
525
527
529
530
531
532
535
536
539
540
542
546
547
548
549
550
551
552
553
554
556
558
559
563
568
569
570
571
572
574
575
576
577
578
580
581
582
583
584
589
590
591
593
594
597
599
600
601
602
604
605
606
607
608
610
611
612
614
616
617
618
619
620
621
622
623
625
626
627
628
631
632
634
636
637
638
639
640
643
644
645
646
647
648
649
650
651
652
654
655
657
658
659
660
661
663
665
667
668
670
672
673
674
675
676
678
679
681
682
685
686
687
689
691
694
695
696
698
700
701
702
703
704
705
706
707
709
710
711
712
713
715
716
717
718
719
720
722
723
724
726
727
728
729
730
732
733
734
736
738
739
740
744
746
747
749
751
752
753
754
755
756
757
759
761
763
764
766
767
769
770
772
774
775
777
780
781
782
785
786
787
788
791
792
794
795
797
798
799
801
802
803
804
805
810
813
814
816
818
819
825
828
829
830
831
833
834
836
837
839
840
842
844
847
848
849
850
851
852
854
856
858
861
862
863
864
865
866
867
869
870
873
874
875
876
878
879
880
881
884
885
886
887
888
889
890
891
892
894
897
899
901
904
905
906
908
911
913
914
916
917
919
925
926
927
929
930
932
933
935
939
941
945
946
947
950
951
952
954
957
962
964
973
974
976
978
979
981
984
987
989
990
991
992
993
994
995
997
998
1000
1001
1003
1004
1005
1008
1009
1010
1011
1013
1015
1016
1018
1019
1021
1022
1023
1024
1025
1026
1027
1028
1029
1031
1034
1036
1039
1040
1041
1043
1044
1045
1046
1048
1050
1051
1052
1055
1056
1057
1058
1061
1063
1064
1067
1068
1069
1070
1073
1078
1079
1080
1081
1082
1083
1084
1085
1088
1089
1090
1091
1092
1093
1094
1102
1103
1104
1105
1109
1111
1112
1113
1114
1116
1117
1118
1119
1120
1121
1122
1124
1125
1126
1128
1133
1135
1137
1139
1144
1145
1146
1147
1148
1151
1152
1155
1156
1158
1159
1161
1162
1164
1167
1169
1170
1172
1175
1176
1179
1181
1183
1185
1194
1195
1196
1197
1202
1203
1207
1208
1209
1211
1213
1214
1215
1217
1218
1220
1221
1222
1223
1224
1227
1228
1229
1230
1232
1233
1234
1235
1237
1240
1244
1246
1247
1248
1250
1252
1254
1257
1259
1260
1263
1264
1266
1267
1268
1269
1271
1272
1277
1278
1279
1281
1286
1288
1289
1290
1291
1293
1294
1297
1299
1300
1301
1309
1312
1313
1316
1318
1319
1320
1324
1325
1326
1327
1328
1329
1330
1331
1333
1334
1337
1338
1343
1344
1345
1346
1347
1349
1350
1352
1353
1355
1356
1357
1361
1362
1363
1366
1367
1368
1369
1372
1375
1376
1377
1378
1379
1380
1381
1382
1383
1384
1385
1386
1387
1391
1394
1396
1397
1398
1399
1400
1401
1403
1404
1405
1406
1407
1408
1409
1410
1412
1413
1414
1415
1417
1418
1419
1420
1421
1424
1425
1426
1428
1429
1430
1431
1432
1433
1434
1436
1438
1439
1441
1442
1445
1447
1448
1449
1450
1453
1454
1456
1457
1458
1459
1460
1462
1465
1467
1468
1469
1470
1471
1473
1474
1475
1476
1477
1479
1480
1481
1483
1484
1487
1490
1492
1494
1495
1496
1497
1498
1499
1500
1501
1502
1503
1504
1507
1510
1511
1512
1514
1515
1516
1518
1520
1521
1523
1525
1526
1528
1529
1530
1531
1533
1535
1536
1537
1540
1541
1542
1543
1544
1545
1546
1547
1548
1552
1553
1554
1555
1557
1560
1562
1563
1566
1568
1570
1572
1573
1574
1576
1578
1579
1580
1581
1585
1587
1589
1590
1593
1594
1597
1598
1599
1600
1601
1602
1604
1605
1606
1608
1611
1613
1614
1615
1617
1621
1622
1623
1624
1625
1628
1630
1631
1632
1633
1636
1639
1640
1641
1644
1648
1651
1652
1653
1655
1657
1658
1661
1662
1663
1665
1666
1667
1669
1673
1674
1676
1677
1678
1679
1680
1681
1686
1689
1690
1692
1694
1695
1700
1701
1703
1704
1705
1707
1708
1709
1711
1716
1717
1719
1720
1721
1722
1723
1727
1729
1730
1735
1736
1737
1739
1740
1742
1750
1753
1755
1756
1762
1763
1766
1767
1769
1770
1774
1775
1776
1777
1779
1782
1785
1786
1788
1790
1792
1793
1794
1796
1797
1798
1800
1803
1806
1812
1813
1814
1815
1816
1817
1818
1819
1820
1823
1824
1829
1830
1831
1832
1833
1834
1836
1840
1842
1843
1844
1845
1846
1847
1848
1849
1850
1851
1852
1853
1856
1857
1858
1859
1860
1861
1862
1864
1865
1867
1869
1871
1872
1875
1876
1878
1879
1880
1885
1886
1887
1888
1889
1890
1891
1893
1894
1895
1897
1898
1899
1900
1901
1902
1903
1904
1906
1907
1908
1909
1911
1912
1913
1914
1919
1920
1921
1922
1923
1924
1925
1928
1930
1933
1934
1936
1937
1940
1942
1944
1948
1950
1951
1952
1953
1954
1955
1956
1958
1960
1963
1964
1965
1966
1967
1968
1969
1970
1971
1972
1973
1974
1975
1977
1978
1979
1981
1982
1983
1985
1986
1987
1990
1993
1995
1996
1997
1998
1999
2000
2002
2003
2007
2010
2013
2014
2015
2016
2017
2018
2019
2020
2021
2023
2024
2025
2026
2028
2029
2030
2031
2033
2034
2035
2036
2039
2041
2043
2044
2047
2048
2049
2050
2051
2052
2053
2054
2056
2059
2060
2063
2066
2067
2069
2070
2071
2072
2073
2074
2075
2076
2077
2081
2086
2088
2090
2091
2093
2094
2095
2096
2099
2101
2102
2103
2105
2108
2111
2112
2114
2116
2118
2119
2121
2124
2125
2126
2128
2130
2131
2133
2135
2136
2137
2138
2140
2141
2142
2144
2145
2146
2147
2149
2150
2153
2154
2155
2157
2161
2165
2168
2173
2174
2175
2176
2178
2182
2183
2184
2185
2186
2187
2188
2189
2190
2191
2192
2193
2194
2195
2197
2198
2201
2206
2207
2208
2209
2211
2212
2213
2216
2221
2222
2224
2225
2226
2228
2229
2230
2231
2232
2234
2235
2237
2238
2239
2240
2241
2244
2245
2246
2247
2248
2249
2251
2252
2253
2255
2256
2257
2259
2260
2261
2262
2263
2264
2266
2267
2268
2269
2270
2271
2275
2279
2280
2281
2282
2284
2285
2287
2290
2291
2292
2295
2296
2300
2301
2302
2304
2307
2308
2309
2310
2311
2312
2313
2315
2316
2317
2318
2319
2320
2321
2322
2324
2325
2326
2327
2329
2330
2332
2337
2339
2341
2342
2343
2344
2345
2346
2349
2350
2351
2352
2354
2356
2359
2360
2363
2364
2366
2367
2368
2370
2371
2372
2373
2374
2375
2376
2377
2380
2384
2387
2388
2389
2393
2395
2396
2397
2400
2401
2402
2405
2406
2407
2409
2411
2412
2416
2419
2423
2424
2425
2428
2429
2430
2431
2434
2437
2438
2441
2442
2445
2447
2449
2450
2451
2453
2457
2458
2459
2460
2461
2465
2466
2467
2468
2469
2470
2472
2474
2475
2477
2478
2482
2483
2484
2485
2486
2487
2491
2492
2493
2494
2496
2497
2498
2499
2500
2501
2502
2503
2504
2506
2507
2508
2510
2512
2513
2515
2516
2517
2518
2519
2521
2524
2525
2526
2527
2528
2529
2530
2531
2533
2534
2535
2537
2539
2542
2544
2547
2548
2550
2552
2553
2554
2556
2557
2559
2560
2563
2567
2568
2569
2570
2576
2578
2579
2580
2581
2582
2583
2584
2586
2588
2589
2591
2592
2593
2595
2597
2601
2606
2607
2608
2609
2610
2611
2612
2613
2614
2615
2619
2620
2621
2624
2628
2629
2630
2632
2633
2634
2635
2636
2639
2640
2643
2644
2645
2648
2649
2652
2654
2656
2658
2659
2662
2664
2665
2668
2669
2672
2674
2677
2678
2679
2681
2682
2684
2685
2687
2688
2690
2694
2695
2697
2700
2701
2703
2704
2705
2706
2707
2708
2710
2712
2713
2714
2715
2716
2718
2719
2721
2722
2723
2725
2727
2728
2729
2732
2733
2734
2735
2737
2739
2740
2741
2743
2744
2745
2747
2748
2749
2750
2751
2752
2753
2754
2755
2756
2757
2760
2761
2763
2765
2766
2767
2768
2774
2776
2778
2779
2782
2784
2786
2789
2790
2791
2792
2793
2794
2795
2797
2799
2800
2802
2803
2804
2805
2806
2807
2808
2809
2811
2813
2814
2815
2816
2817
2818
2820
2822
2823
2824
2825
2827
2828
2830
2831
2832
2834
2835
2837
2839
2841
2848
2850
2851
2856
2857
2858
2859
2860
2861
2863
2866
2867
2872
2873
2875
2877
2878
2881
2882
2883
2884
2889
2890
2891
2892
2893
2894
2898
2899
2900
2901
2902
2904
2905
2906
2907
2908
2909
2911
2912
2913
2914
2915
2918
2919
2920
2922
2923
2927
2929
2932
2934
2936
2937
2940
2941
2943
2946
2949
2951
2952
2953
2956
2957
2959
2960
2961
2962
2964
2966
2967
2969
2970
2973
2974
2975
2976
2977
2979
2981
2982
2987
2989
2990
2991
2993
2994
2995
2996
2998
2999
3001
3002
3003
3005
3006
3008
3009
3010
3011
3014
3016
3018
3020
3021
3023
3024
3025
3026
3028
3029
3031
3032
3036
3037
3038
3039
3040
3041
3042
3043
3044
3045
3046
3047
3049
3052
3054
3057
3058
3059
3060
3061
3062
3064
3066
3067
3069
3070
3071
3072
3074
3076
3077
3078
3079
3080
3081
3082
3083
3084
3085
3088
3089
3090
3091
3092
3093
3095
3097
3101
3102
3103
3104
3105
3108
3109
3111
3114
3118
3119
3125
3128
3129
3130
3131
3132
3133
3134
3135
3137
3139
3140
3141
3142
3143
3146
3149
3150
3153
3155
3156
3158
3160
3161
3163
3164
3165
3166
3167
3168
3170
3171
3172
3173
3174
3175
3176
3177
3178
3179
3181
3182
3183
3185
3186
3187
3188
3189
3190
3191
3196
3197
3198
3199
3200
3201
3202
3207
3209
3211
3212
3214
3215
3216
3219
3220
3222
3224
3225
3226
3227
3229
3231
3232
3233
3234
3235
3237
3239
3240
3242
3246
3247
3249
3251
3254
3255
3256
3258
3259
3260
3261
3262
3263
3264
3265
3266
3267
3268
3270
3272
3277
3280
3281
3282
3283
3284
3285
3287
3288
3289
3291
3292
3297
3299
3300
3301
3302
3303
3304
3305
3306
3307
3309
3311
3313
3314
3317
3319
3320
3321
3325
3326
3330
3332
3333
3334
3335
3336
3337
3338
3339
3341
3343
3344
3345
3346
3349
3351
3354
3358
3364
3366
3369
3370
3371
3374
3376
3377
3378
3380
3381
3383
3385
3386
3391
3394
3395
3397
3398
3399
3401
3402
3403
3404
3406
3407
3408
3409
3410
3411
3412
3414
3415
3416
3419
3420
3421
3422
3423
3424
3426
3427
3428
3430
3432
3433
3434
3435
3436
3438
3439
3440
3442
3444
3445
3446
3448
3450
3452
3453
3454
3455
3456
3457
3458
3459
3460
3461
3462
3465
3470
3471
3472
3474
3475
3477
3478
3479
3480
3481
3482
3483
3485
3487
3488
3489
3491
3492
3493
3494
3498
3499
3502
3503
3504
3506
3507
3508
3509
3510
3511
3512
3513
3514
3515
3518
3519
3521
3522
3523
3525
3526
3527
3530
3531
3533
3534
3535
3536
3537
3539
3541
3542
3543
3545
3548
3550
3551
3553
3554
3555
3556
3557
3559
3560
3564
3567
3570
3571
3572
3575
3576
3580
3581
3587
3589
3590
3592
3595
3596
3599
3603
3604
3607
3609
3611
3612
3613
3615
3617
3618
3620
3621
3623
3624
3625
3628
3629
3632
3633
3635
3636
3637
3639
3640
3641
3642
3643
3644
3645
3646
3647
3649
3650
3651
3653
3656
3657
3659
3662
3669
3673
3674
3675
3677
3678
3679
3681
3682
3684
3685
3688
3690
3691
3693
3694
3696
3697
3698
3699
3700
3702
3705
3707
3708
3709
3710
3712
3716
3717
3719
3721
3722
3723
3724
3725
3726
3728
3729
3730
3732
3734
3735
3736
3738
3739
3740
3741
3744
3747
3748
3750
3751
3752
3755
3756
3757
3759
3761
3762
3764
3765
3766
3767
3769
3770
3771
3772
3773
3774
3776
3778
3779
3780
3781
3784
3785
3786
3788
3789
3793
3794
3796
3798
3799
3800
3802
3805
3806
3807
3808
3810
3811
3812
3813
3814
3815
3816
3817
3818
3820
3822
3823
3824
3826
3827
3828
3831
3832
3833
3835
3837
3838
3839
3841
3842
3843
3845
3849
3850
3851
3852
3853
3855
3856
3858
3859
3860
3861
3862
3863
3865
3867
3869
3870
3871
3872
3874
3875
3877
3878
3881
3882
3883
3885
3886
3887
3888
3889
3890
3891
3893
3894
3897
3898
3900
3901
3902
3905
3907
3908
3912
3913
3915
3917
3919
3921
3924
3925
3926
3929
3933
3934
3935
3937
3939
3942
3944
3945
3946
3950
3951
3952
3953
3955
3957
3958
3959
3960
3962
3964
3965
3966
3967
3970
3971
3972
3974
3975
3976
3977
3978
3979
3981
3985
3986
3987
3988
3989
3990
3993
3994
3996
3998
4000
4005
4006
4007
4009
4010
4011
4012
4013
4014
4015
4017
4018
4021
4022
4024
4025
4026
4027
4028
4030
4031
4032
4033
4036
4037
4038
4041
4042
4044
4046
4049
4055
4056
4058
4062
4063
4067
4068
4070
4071
4072
4074
4075
4078
4079
4080
4084
4087
4088
4091
4092
4093
4094
4095
4098
4099
4100
4102
4103
4104
4105
4108
4109
4111
4112
4115
4116
4118
4121
4122
4123
4124
4125
4126
4127
4128
4132
4134
4137
4139
4141
4142
4143
4144
4145
4147
4148
4149
4150
4154
4155
4156
4157
4159
4162
4169
4171
4172
4173
4174
4175
4176
4177
4178
4180
4181
4182
4183
4184
4186
4187
4190
4191
4192
4193
4195
4196
4197
4199
4200
4201
4202
4203
4204
4205
4206
4211
4212
4213
4214
4216
4217
4219
4220
4221
4222
4223
4224
4225
4227
4229
4230
4231
4232
4234
4236
4237
4239
4240
4241
4242
4243
4245
4246
4247
4249
4251
4254
4255
4258
4262
4264
4266
4267
4270
4271
4275
4276
4278
4280
4281
4282
4283
4286
4287
4289
4291
4293
4294
4296
4298
4302
4304
4308
4309
4310
4315
4316
4320
4321
4323
4324
4327
4328
4330
4331
4332
4333
4334
4337
4338
4343
4345
4349
4352
4354
4356
4357
4362
4364
4365
4366
4368
4369
4370
4371
4373
4374
4375
4377
4378
4379
4380
4381
4382
4384
4385
4391
4392
4393
4395
4399
4403
4404
4405
4406
4408
4409
4410
4411
4412
4413
4414
4416
4418
4419
4420
4422
4424
4425
4426
4427
4429
4430
4433
4434
4438
4440
4442
4443
4444
4446
4447
4449
4450
4453
4454
4455
4457
4458
4459
4460
4461
4462
4463
4464
4465
4466
4467
4468
4469
4470
4472
4474
4477
4480
4482
4485
4487
4488
4489
4492
4494
4495
4496
4498
4499
4501
4502
4503
4505
4506
4508
4510
4513
4515
4516
4517
4518
4519
4520
4523
4525
4530
4532
4533
4535
4538
4539
4540
4541
4542
4544
4545
4546
4547
4552
4560
4561
4562
4563
4566
4567
4568
4570
4572
4574
4575
4576
4577
4578
4579
4580
4583
4585
4587
4588
4589
4590
4591
4592
4596
4597
4598
4602
4604
4607
4608
4610
4611
4612
4613
4616
4617
4620
4621
4622
4623
4624
4625
4627
4629
4630
4632
4633
4634
4635
4638
4640
4641
4642
4643
4644
4646
4648
4650
4652
4655
4656
4658
4659
4660
4666
4668
4669
4670
4671
4672
4673
4674
4675
4677
4678
4679
4680
4681
4682
4683
4685
4686
4689
4691
4692
4693
4695
4696
4697
4701
4702
4704
4705
4706
4707
4709
4710
4711
4712
4713
4714
4715
4716
4717
4718
4719
4721
4722
4723
4724
4725
4726
4727
4728
4730
4731
4733
4736
4739
4741
4742
4743
4744
4747
4748
4749
4750
4753
4757
4758
4760
4762
4763
4764
4765
4766
4767
4769
4770
4774
4775
4781
4782
4783
4784
4786
4787
4788
4790
4792
4793
4794
4795
4796
4797
4798
4799
4802
4803
4804
4807
4809
4810
4811
4812
4813
4814
4815
4816
4817
4818
4819
4820
4821
4823
4825
4826
4828
4829
4830
4831
4832
4833
4838
4840
4841
4843
4844
4846
4850
4852
4853
4855
4857
4858
4859
4860
4861
4865
4866
4868
4869
4870
4871
4872
4873
4874
4875
4876
4877
4878
4879
4880
4881
4883
4884
4885
4886
4887
4888
4891
4892
4894
4897
4899
4900
4901
4902
4904
4905
4909
4910
4913
4914
4916
4917
4918
4919
4920
4921
4922
4923
4925
4927
4928
4930
4931
4932
4934
4935
4936
4937
4938
4939
4940
4941
4942
4946
4948
4950
4952
4956
4960
4964
4967
4969
4970
4973
4974
4975
4976
4978
4980
4981
4982
4983
4986
4987
4989
4990
4991
4993
4994
4995
4997
4999
5000
5001
5002
5003
5004
5007
5008
5010
5012
5013
5014
5015
5016
5017
5018
5019
5022
5023
5025
5027
5029
5030
5031
5036
5037
5039
5041
5042
5043
5046
5047
5048
5049
5050
5051
5052
5055
5056
5057
5058
5061
5063
5064
5065
5066
5067
5071
5073
5074
5075
5078
5079
5081
5082
5083
5084
5085
5086
5087
5088
5093
5098
5099
5100
5101
5103
5104
5105
5106
5109
5113
5114
5120
5121
5122
5123
5124
5125
5127
5128
5130
5132
5135
5136
5137
5138
5140
5142
5143
5144
5146
5147
5148
5149
5150
5152
5153
5154
5155
5156
5160
5166
5168
5171
5172
5173
5175
5176
5178
5181
5182
5184
5185
5187
5188
5189
5190
5191
5192
5194
5195
5196
5197
5198
5199
5200
5201
5202
5204
5206
5208
5209
5212
5213
5214
5217
5218
5219
5221
5222
5224
5226
5228
5230
5231
5234
5235
5237
5239
5241
5245
5247
5249
5250
5253
5254
5255
5256
5257
5259
5262
5264
5265
5266
5267
5270
5271
5275
5279
5282
5283
5284
5285
5287
5289
5291
5292
5293
5294
5300
5301
5302
5303
5304
5306
5307
5309
5310
5312
5313
5314
5315
5317
5319
5320
5322
5323
5325
5326
5328
5329
5331
5333
5335
5337
5339
5340
5344
5345
5346
5348
5349
5350
5351
5352
5355
5356
5357
5358
5359
5360
5361
5363
5364
5365
5366
5367
5368
5370
5372
5373
5375
5377
5379
5383
5384
5385
5388
5389
5390
5391
5392
5394
5395
5397
5398
5402
5406
5407
5408
5410
5412
5413
5416
5418
5420
5421
5423
5426
5431
5434
5436
5438
5439
5441
5442
5444
5446
5447
5448
5450
5453
5454
5455
5456
5459
5461
5463
5464
5465
5468
5469
5472
5474
5476
5478
5479
5480
5481
5482
5483
5485
5487
5488
5493
5496
5497
5498
5500
5501
5506
5507
5509
5512
5513
5516
5518
5521
5522
5523
5526
5528
5529
5535
5536
5537
5538
5540
5541
5543
5544
5545
5546
5547
5548
5551
5553
5554
5556
5559
5561
5564
5567
5570
5573
5574
5576
5578
5579
5580
5581
5583
5584
5587
5588
5589
5590
5591
5592
5593
5594
5595
5596
5598
5599
5600
5601
5602
5603
5604
5605
5608
5609
5613
5614
5616
5617
5618
5619
5620
5621
5622
5624
5625
5626
5627
5628
5629
5630
5632
5633
5634
5635
5636
5637
5638
5639
5641
5642
5643
5644
5645
5649
5650
5652
5655
5656
5657
5660
5662
5664
5665
5666
5667
5670
5672
5674
5676
5677
5679
5680
5683
5685
5686
5689
5690
5694
5695
5696
5697
5699
5700
5704
5705
5706
5707
5710
5712
5713
5714
5715
5720
5726
5729
5732
5734
5736
5738
5739
5740
5742
5744
5745
5746
5748
5749
5750
5752
5753
5754
5755
5757
5758
5761
5763
5765
5767
5768
5769
5771
5772
5773
5775
5776
5777
5778
5781
5782
5784
5785
5790
5791
5792
5793
5794
5795
5796
5797
5799
5801
5805
5808
5809
5817
5820
5821
5822
5823
5825
5827
5828
5829
5830
5831
5832
5833
5835
5837
5838
5843
5844
5845
5847
5848
5849
5853
5854
5855
5856
5857
5858
5860
5862
5867
5868
5869
5871
5872
5873
5874
5875
5876
5877
5878
5880
5881
5882
5889
5890
5893
5897
5898
5899
5902
5903
5904
5906
5908
5910
5912
5913
5920
5922
5926
5927
5929
5930
5931
5932
5933
5934
5935
5936
5938
5939
5941
5942
5945
5947
5948
5949
5950
5953
5954
5955
5956
5957
5958
5959
5960
5964
5965
5966
5967
5969
5973
5974
5976
5977
5984
5986
5991
5992
5994
5997
6001
6002
6003
6004
6005
6006
6010
6011
6013
6015
6017
6019
6022
6023
6025
6027
6029
6032
6033
6034
6035
6036
6037
6038
6040
6044
6046
6047
6048
6050
6055
6057
6060
6063
6066
6071
6072
6074
6077
6078
6079
6080
6084
6086
6087
6090
6092
6093
6094
6095
6100
6101
6102
6103
6105
6106
6109
6110
6114
6119
6120
6121
6122
6124
6125
6127
6130
6131
6133
6134
6135
6137
6138
6140
6142
6144
6145
6146
6148
6150
6151
6153
6156
6158
6159
6160
6163
6164
6165
6166
6168
6169
6170
6171
6172
6173
6174
6175
6180
6184
6185
6186
6189
6190
6191
6192
6193
6195
6196
6199
6200
6201
6203
6204
6206
6210
6211
6214
6215
6216
6217
6218
6219
6221
6222
6225
6226
6228
6230
6232
6233
6234
6237
6240
6244
6246
6248
6249
6253
6255
6256
6257
6258
6259
6260
6261
6262
6264
6270
6273
6275
6278
6280
6287
6288
6290
6292
6293
6295
6296
6297
6298
6301
6302
6309
6311
6315
6317
6321
6322
6325
6326
6327
6328
6331
6332
6335
6336
6337
6338
6339
6341
6342
6344
6345
6347
6348
6350
6352
6353
6354
6355
6356
6359
6360
6361
6362
6364
6367
6369
6372
6373
6374
6375
6376
6377
6378
6382
6384
6385
6386
6387
6389
6390
6391
6394
6396
6397
6398
6400
6401
6403
6404
6406
6407
6408
6409
6410
6412
6413
6416
6417
6418
6420
6421
6422
6423
6426
6430
6431
6433
6434
6435
6436
6438
6439
6440
6441
6447
6449
6450
6451
6453
6454
6455
6461
6462
6463
6465
6466
6467
6468
6471
6479
6480
6481
6483
6487
6488
6489
6490
6493
6494
6499
6502
6503
6504
6505
6506
6508
6509
6510
6511
6512
6513
6514
6516
6517
6519
6521
6522
6524
6526
6528
6530
6535
6536
6539
6540
6542
6545
6547
6550
6551
6552
6553
6555
6556
6557
6562
6564
6566
6567
6568
6569
6570
6571
6573
6574
6575
6577
6578
6579
6580
6581
6585
6586
6587
6591
6593
6595
6596
6597
6598
6601
6604
6605
6606
6607
6608
6611
6613
6614
6615
6618
6619
6620
6621
6623
6624
6625
6627
6628
6630
6631
6632
6633
6638
6639
6641
6644
6646
6647
6650
6652
6653
6654
6657
6659
6661
6662
6663
6670
6673
6679
6680
6681
6682
6684
6686
6689
6690
6692
6693
6694
6695
6698
6699
6702
6705
6706
6712
6714
6715
6716
6717
6719
6722
6723
6724
6726
6728
6729
6731
6734
6735
6737
6738
6740
6741
6742
6743
6746
6747
6748
6749
6750
6752
6754
6755
6758
6762
6764
6765
6769
6770
6771
6772
6773
6774
6776
6777
6779
6782
6783
6785
6786
6790
6791
6792
6796
6797
6799
6800
6802
6804
6805
6806
6807
6808
6809
6812
6813
6815
6817
6818
6819
6823
6826
6828
6829
6830
6831
6832
6833
6834
6835
6837
6838
6840
6841
6842
6844
6846
6848
6849
6851
6852
6853
6854
6855
6856
6857
6858
6860
6862
6864
6867
6868
6870
6872
6873
6874
6876
6877
6879
6881
6882
6884
6885
6886
6887
6889
6890
6892
6897
6898
6901
6902
6903
6907
6909
6910
6914
6919
6921
6923
6924
6925
6926
6927
6928
6931
6932
6934
6936
6937
6938
6939
6941
6943
6945
6947
6952
6953
6954
6955
6956
6958
6963
6964
6965
6966
6968
6969
6971
6972
6978
6979
6981
6984
6985
6986
6987
6989
6991
6992
6993
6996
6997
6998
7001
7002
7003
7004
7006
7007
7010
7011
7012
7013
7014
7015
7016
7018
7019
7020
7022
7024
7026
7029
7030
7033
7034
7035
7037
7043
7044
7046
7047
7048
7049
7050
7052
7053
7054
7056
7058
7059
7061
7064
7065
7068
7070
7072
7073
7076
7078
7080
7081
7082
7084
7085
7087
7088
7090
7091
7093
7094
7097
7100
7102
7103
7105
7106
7107
7108
7114
7117
7122
7123
7124
7126
7128
7129
7130
7133
7135
7136
7137
7138
7143
7146
7147
7151
7152
7153
7156
7160
7161
7165
7168
7169
7170
7172
7174
7175
7177
7178
7179
7183
7185
7187
7189
7190
7194
7197
7198
7199
7202
7203
7204
7205
7206
7211
7212
7213
7215
7216
7217
7218
7222
7223
7224
7228
7229
7230
7232
7235
7239
7241
7242
7244
7245
7247
7248
7249
7252
7253
7254
7255
7256
7258
7259
7260
7263
7265
7266
7267
7268
7270
7272
7273
7275
7276
7279
7281
7282
7283
7284
7285
7286
7287
7288
7292
7293
7294
7297
7298
7299
7300
7303
7304
7305
7306
7307
7308
7310
7313
7315
7316
7317
7322
7323
7328
7335
7336
7337
7338
7339
7342
7345
7347
7348
7350
7351
7353
7354
7355
7356
7357
7358
7360
7362
7364
7365
7367
7369
7370
7373
7376
7377
7379
7382
7383
7384
7386
7387
7388
7389
7390
7393
7394
7395
7396
7397
7398
7402
7404
7405
7407
7411
7412
7414
7416
7419
7420
7421
7424
7431
7432
7433
7434
7435
7436
7438
7439
7440
7441
7442
7446
7449
7450
7451
7452
7454
7455
7457
7459
7461
7462
7463
7465
7466
7468
7469
7472
7477
7479
7482
7483
7484
7486
7488
7489
7490
7491
7496
7497
7499
7500
7501
7503
7504
7507
7508
7509
7510
7511
7512
7515
7517
7518
7519
7520
7522
7525
7527
7531
7533
7535
7538
7539
7540
7542
7544
7547
7548
7549
7551
7552
7553
7554
7556
7557
7559
7562
7563
7565
7566
7569
7570
7571
7573
7574
7575
7576
7577
7584
7589
7592
7593
7597
7598
7600
7603
7605
7606
7608
7610
7611
7613
7614
7616
7618
7620
7621
7623
7624
7625
7627
7628
7629
7630
7631
7632
7633
7634
7638
7639
7643
7644
7645
7646
7647
7648
7649
7650
7651
7653
7656
7657
7659
7661
7664
7665
7666
7668
7670
7671
7672
7673
7675
7676
7677
7682
7683
7688
7690
7692
7693
7694
7695
7697
7699
7700
7702
7703
7704
7705
7706
7707
7709
7710
7711
7712
7714
7718
7719
7720
7723
7724
7725
7732
7739
7741
7743
7745
7746
7747
7749
7754
7757
7759
7762
7763
7766
7767
7768
7769
7772
7774
7775
7776
7778
7779
7781
7782
7786
7788
7789
7793
7795
7796
7798
7799
7800
7801
7802
7803
7804
7805
7810
7811
7813
7814
7816
7817
7818
7819
7821
7822
7823
7824
7826
7827
7828
7830
7831
7834
7838
7840
7842
7843
7845
7846
7848
7849
7850
7852
7854
7855
7857
7859
7861
7862
7863
7864
7865
7867
7868
7869
7871
7873
7877
7878
7879
7880
7881
7883
7885
7886
7887
7888
7891
7892
7893
7894
7895
7897
7898
7899
7902
7906
7908
7910
7912
7916
7918
7919
7921
7924
7925
7927
7930
7931
7932
7936
7937
7938
7939
7940
7942
7943
7948
7949
7950
7953
7954
7956
7957
7958
7960
7961
7963
7964
7966
7967
7968
7969
7972
7973
7976
7979
7980
7981
7982
7983
7988
7996
8000
8001
8002
8004
8005
8009
8012
8013
8015
8016
8017
8018
8020
8021
8027
8028
8030
8031
8033
8035
8036
8037
8038
8040
8041
8042
8043
8047
8049
8050
8051
8052
8054
8055
8057
8058
8059
8060
8061
8062
8063
8065
8067
8068
8069
8070
8071
8072
8074
8075
8079
8080
8081
8084
8088
8089
8090
8091
8092
8093
8094
8097
8098
8100
8101
8103
8105
8106
8107
8110
8111
8113
8116
8117
8118
8119
8121
8122
8123
8124
8125
8127
8131
8132
8133
8134
8137
8138
8139
8140
8142
8143
8147
8148
8149
8150
8153
8154
8155
8156
8159
8160
8163
8164
8167
8169
8170
8171
8172
8173
8175
8176
8178
8179
8182
8184
8185
8186
8187
8189
8190
8192
8193
8195
8196
8197
8198
8200
8201
8204
8206
8207
8208
8209
8211
8212
8214
8215
8216
8217
8218
8220
8222
8223
8224
8225
8227
8228
8233
8236
8237
8238
8239
8241
8242
8244
8245
8247
8249
8252
8253
8255
8256
8257
8259
8260
8261
8262
8263
8267
8268
8270
8271
8272
8278
8280
8281
8283
8285
8287
8290
8291
8292
8299
8301
8306
8307
8309
8310
8311
8312
8315
8317
8319
8320
8322
8325
8326
8328
8330
8331
8333
8334
8335
8337
8339
8341
8343
8347
8348
8351
8353
8357
8361
8362
8363
8364
8368
8369
8370
8371
8372
8373
8374
8375
8376
8377
8378
8379
8381
8382
8383
8384
8387
8390
8394
8395
8396
8398
8399
8401
8402
8404
8406
8407
8408
8411
8412
8415
8416
8417
8419
8420
8421
8422
8425
8426
8427
8429
8430
8431
8432
8433
8434
8435
8436
8437
8442
8447
8448
8450
8451
8453
8454
8456
8457
8459
8460
8463
8465
8466
8473
8474
8476
8477
8479
8481
8482
8483
8484
8489
8491
8492
8494
8498
8499
8500
8502
8503
8505
8508
8511
8512
8514
8515
8516
8519
8520
8521
8522
8525
8526
8527
8528
8531
8534
8536
8537
8539
8540
8545
8546
8547
8548
8550
8551
8553
8554
8556
8558
8559
8560
8561
8562
8563
8564
8565
8566
8568
8569
8570
8571
8572
8574
8577
8578
8579
8581
8582
8583
8585
8586
8587
8588
8591
8593
8594
8596
8597
8599
8600
8601
8602
8603
8605
8606
8607
8610
8611
8612
8614
8615
8617
8618
8621
8623
8624
8628
8629
8631
8632
8633
8634
8635
8638
8639
8640
8642
8643
8644
8646
8648
8650
8652
8653
8654
8655
8657
8658
8659
8660
8661
8662
8663
8664
8666
8667
8670
8671
8672
8673
8674
8676
8679
8680
8682
8683
8685
8694
8695
8699
8700
8701
8702
8704
8707
8708
8709
8710
8713
8715
8716
8717
8718
8719
8721
8722
8723
8724
8725
8728
8730
8731
8732
8733
8737
8738
8739
8740
8741
8742
8744
8748
8750
8752
8754
8756
8757
8759
8761
8766
8767
8768
8773
8775
8776
8777
8778
8779
8780
8782
8783
8784
8786
8788
8791
8792
8793
8794
8796
8797
8798
8799
8800
8801
8802
8806
8807
8809
8811
8814
8815
8816
8819
8822
8823
8825
8828
8830
8831
8833
8835
8836
8839
8842
8843
8844
8845
8846
8848
8849
8851
8854
8855
8856
8857
8862
8863
8864
8866
8867
8868
8869
8870
8871
8872
8875
8876
8877
8879
8880
8883
8884
8885
8886
8887
8890
8891
8894
8896
8897
8898
8900
8902
8903
8904
8905
8907
8908
8910
8911
8912
8915
8920
8922
8925
8926
8927
8930
8935
8937
8939
8940
8942
8943
8944
8945
8946
8948
8949
8951
8952
8953
8954
8955
8956
8958
8964
8966
8969
8970
8971
8973
8975
8977
8978
8979
8980
8981
8983
8985
8986
8989
8990
8993
8994
8995
8996
8997
8998
9000
9002
9006
9007
9008
9009
9010
9011
9012
9013
9014
9019
9023
9024
9025
9026
9028
9029
9031
9033
9034
9037
9038
9039
9040
9041
9044
9045
9046
9047
9049
9050
9051
9052
9054
9055
9057
9059
9060
9063
9064
9066
9067
9069
9070
9071
9072
9073
9074
9080
9083
9084
9085
9087
9088
9089
9090
9091
9092
9093
9094
9095
9096
9100
9101
9102
9103
9105
9107
9111
9112
9114
9115
9117
9119
9120
9124
9125
9126
9127
9128
9130
9131
9135
9137
9138
9139
9141
9142
9144
9147
9148
9149
9150
9151
9152
9154
9155
9156
9158
9159
9160
9163
9165
9166
9168
9169
9174
9175
9177
9178
9180
9181
9182
9185
9187
9189
9191
9193
9195
9196
9197
9198
9200
9201
9202
9203
9204
9206
9207
9208
9209
9210
9211
9212
9213
9217
9219
9222
9223
9225
9227
9230
9231
9232
9233
9234
9236
9237
9242
9243
9245
9246
9248
9249
9251
9252
9254
9255
9256
9257
9258
9260
9261
9263
9264
9267
9268
9269
9270
9271
9272
9274
9276
9277
9278
9279
9283
9284
9286
9287
9288
9289
9290
9292
9293
9301
9302
9303
9304
9306
9307
9310
9311
9312
9314
9317
9318
9319
9320
9321
9322
9326
9327
9329
9331
9332
9334
9335
9336
9339
9343
9346
9347
9350
9351
9353
9355
9356
9357
9359
9360
9362
9363
9365
9366
9367
9369
9370
9373
9376
9379
9381
9382
9383
9386
9388
9389
9390
9391
9392
9393
9394
9396
9397
9398
9399
9400
9401
9403
9404
9405
9406
9408
9409
9411
9413
9415
9417
9420
9422
9424
9427
9429
9430
9432
9433
9434
9435
9436
9437
9438
9440
9441
9442
9443
9444
9446
9447
9448
9449
9451
9452
9454
9455
9456
9459
9460
9462
9467
9469
9470
9472
9474
9478
9479
9484
9485
9488
9490
9495
9496
9497
9502
9503
9505
9506
9507
9508
9509
9512
9513
9514
9515
9519
9522
9523
9528
9530
9532
9533
9536
9537
9538
9539
9541
9542
9543
9544
9546
9550
9551
9552
9556
9558
9559
9560
9562
9565
9567
9568
9569
9570
9571
9573
9574
9575
9576
9579
9580
9581
9583
9585
9586
9587
9589
9590
9591
9594
9595
9596
9600
9604
9605
9607
9609
9610
9612
9613
9614
9617
9618
9619
9621
9623
9624
9625
9630
9634
9635
9638
9639
9641
9642
9643
9644
9650
9651
9655
9657
9658
9659
9665
9670
9671
9672
9673
9675
9677
9680
9684
9688
9689
9692
9693
9695
9700
9701
9703
9705
9708
9711
9714
9715
9716
9719
9721
9724
9725
9726
9727
9728
9729
9731
9732
9733
9734
9735
9737
9738
9739
9740
9742
9743
9744
9745
9749
9751
9753
9754
9756
9757
9759
9764
9765
9766
9767
9769
9770
9771
9774
9775
9776
9778
9781
9783
9784
9786
9787
9788
9789
9790
9792
9795
9798
9799
9800
9801
9802
9804
9806
9807
9808
9809
9815
9816
9819
9821
9822
9823
9824
9826
9827
9828
9830
9833
9834
9836
9839
9840
9842
9844
9845
9847
9848
9849
9851
9852
9853
9855
9856
9859
9862
9863
9864
9865
9867
9868
9869
9870
9871
9872
9873
9875
9877
9878
9880
9881
9883
9884
9886
9887
9888
9892
9893
9894
9896
9900
9901
9903
9904
9905
9907
9909
9910
9913
9915
9918
9920
9921
9922
9923
9926
9928
9929
9930
9936
9938
9939
9941
9942
9943
9944
9945
9946
9947
9948
9951
9957
9960
9963
9965
9966
9968
9969
9970
9971
9974
9975
9978
9979
9980
9981
9983
9984
9985
9986
9990
9992
9995
9997
9998
9999
10000
10003
10005
10007
10008
10010
10012
10013
10015
10018
10019
10022
10023
10024
10030
10031
10033
10034
10035
10037
10038
10041
10045
10046
10047
10048
10049
10050
10052
10053
10054
10055
10058
10059
10062
10066
10068
10070
10071
10075
10076
10077
10080
10084
10085
10086
10088
10090
10091
10092
10093
10094
10095
10096
10097
10098
10101
10107
10109
10110
10111
10112
10113
10114
10118
10123
10124
10126
10127
10130
10131
10132
10140
10141
10142
10143
10144
10145
10146
10147
10151
10153
10154
10155
10156
10157
10158
10159
10160
10164
10168
10169
10171
10173
10174
10175
10177
10178
10179
10183
10184
10191
10193
10194
10195
10196
10198
10199
10200
10201
10202
10203
10204
10211
10213
10214
10215
10216
10218
10220
10223
10224
10226
10228
10229
10230
10231
10232
10233
10234
10235
10236
10237
10238
10239
10242
10243
10244
10245
10246
10247
10251
10256
10257
10259
10260
10264
10267
10268
10269
10271
10273
10274
10278
10279
10280
10282
10283
10284
10285
10288
10289
10291
10295
10296
10299
10300
10302
10304
10305
10306
10307
10308
10309
10310
10311
10320
10321
10322
10325
10327
10329
10330
10331
10332
10334
10335
10336
10337
10339
10340
10341
10342
10343
10344
10345
10346
10347
10348
10350
10355
10358
10360
10361
10363
10364
10365
10367
10368
10369
10371
10372
10373
10374
10378
10379
10380
10381
10382
10383
10384
10385
10388
10389
10390
10392
10393
10394
10395
10398
10401
10403
10404
10405
10406
10407
10416
10417
10421
10424
10427
10428
10432
10434
10435
10436
10437
10438
10441
10445
10449
10450
10451
10452
10455
10456
10457
10458
10459
10460
10461
10463
10464
10466
10468
10469
10472
10474
10475
10477
10478
10479
10481
10483
10484
10485
10487
10489
10490
10491
10493
10494
10495
10497
10500
10502
10505
10508
10510
10512
10513
10514
10516
10517
10518
10519
10520
10521
10522
10523
10524
10525
10528
10529
10531
10534
10538
10540
10541
10547
10549
10550
10552
10554
10559
10561
10563
10564
10566
10568
10569
10571
10572
10574
10575
10577
10578
10579
10580
10581
10583
10584
10585
10586
10590
10592
10593
10596
10597
10600
10601
10602
10603
10604
10606
10609
10611
10614
10623
10624
10626
10631
10632
10633
10635
10636
10637
10638
10640
10642
10643
10645
10646
10649
10651
10652
10653
10656
10658
10659
10660
10663
10664
10666
10667
10668
10670
10671
10672
10673
10674
10675
10676
10677
10678
10679
10680
10681
10682
10683
10684
10686
10687
10689
10691
10692
10694
10695
10697
10700
10701
10702
10703
10704
10705
10706
10707
10709
10710
10711
10712
10713
10714
10715
10716
10717
10721
10722
10724
10725
10726
10727
10728
10731
10732
10734
10739
10741
10742
10743
10744
10746
10749
10751
10754
10755
10756
10757
10759
10760
10762
10763
10764
10765
10770
10771
10772
10773
10774
10775
10779
10781
10783
10784
10785
10787
10788
10790
10794
10795
10798
10799
10800
10804
10805
10807
10812
10814
10816
10818
10819
10822
10825
10827
10828
10829
10830
10831
10832
10833
10835
10836
10837
10842
10844
10845
10848
10849
10851
10852
10853
10855
10856
10858
10862
10866
10867
10869
10873
10875
10878
10879
10880
10881
10882
10883
10885
10886
10887
10889
10890
10891
10892
10894
10896
10897
10900
10902
10903
10904
10905
10909
10911
10912
10913
10916
10917
10919
10920
10922
10923
10924
10925
10926
10927
10928
10930
10931
10932
10935
10936
10937
10938
10943
10947
10951
10952
10953
10955
10956
10957
10958
10960
10961
10963
10965
10966
10970
10972
10973
10976
10977
10978
10979
10982
10985
10988
10989
10991
10992
10995
10996
10998
10999
11001
11002
11003
11004
11005
11009
11011
11014
11016
11018
11019
11021
11022
11023
11025
11026
11028
11029
11033
11036
11037
11039
11040
11041
11043
11045
11046
11047
11049
11050
11051
11054
11055
11056
11057
11059
11064
11065
11069
11070
11073
11074
11077
11078
11079
11080
11082
11083
11084
11086
11087
11088
11089
11090
11093
11095
11097
11098
11101
11103
11106
11108
11110
11111
11112
11113
11114
11115
11116
11118
11119
11120
11122
11125
11129
11130
11132
11133
11134
11135
11136
11138
11139
11140
11143
11144
11145
11146
11147
11149
11150
11151
11154
11156
11157
11158
11159
11160
11162
11163
11164
11168
11169
11170
11172
11174
11175
11176
11178
11179
11180
11181
11182
11183
11184
11185
11188
11192
11193
11194
11195
11199
11200
11201
11204
11205
11206
11209
11211
11212
11215
11217
11219
11220
11225
11226
11227
11230
11231
11235
11237
11238
11239
11240
11241
11242
11243
11244
11247
11248
11250
11251
11252
11253
11255
11256
11257
11259
11260
11264
11265
11267
11268
11269
11272
11273
11274
11277
11280
11282
11286
11288
11289
11290
11291
11292
11294
11295
11296
11297
11298
11299
11302
11304
11305
11306
11310
11311
11314
11318
11319
11325
11326
11327
11328
11329
11330
11331
11332
11333
11334
11335
11336
11337
11339
11341
11343
11344
11347
11348
11349
11351
11352
11355
11356
11357
11359
11360
11361
11362
11365
11369
11370
11371
11373
11374
11376
11377
11379
11380
11381
11382
11383
11384
11385
11389
11390
11391
11392
11393
11394
11395
11396
11397
11398
11402
11404
11405
11408
11409
11410
11412
11416
11417
11419
11421
11422
11423
11425
11427
11430
11432
11433
11440
11441
11442
11443
11445
11446
11447
11448
11449
11450
11451
11453
11454
11455
11456
11458
11459
11460
11461
11462
11464
11465
11467
11470
11472
11473
11474
11475
11476
11477
11478
11480
11481
11482
11485
11486
11487
11488
11489
11491
11493
11494
11496
11497
11498
11500
11502
11504
11506
11507
11508
11510
11514
11515
11516
11517
11519
11521
11522
11523
11526
11528
11532
11533
11536
11537
11540
11541
11545
11547
11549
11550
11558
11560
11561
11562
11563
11564
11565
11568
11569
11570
11571
11574
11575
11576
11577
11580
11581
11582
11583
11584
11585
11586
11587
11588
11591
11596
11598
11599
11600
11602
11603
11604
11608
11610
11611
11612
11613
11618
11620
11623
11624
11626
11627
11629
11630
11631
11634
11635
11637
11638
11639
11640
11641
11643
11644
11648
11651
11653
11655
11656
11657
11658
11659
11660
11661
11662
11663
11664
11665
11668
11669
11671
11672
11673
11674
11675
11676
11680
11682
11685
11687
11688
11690
11691
11693
11697
11698
11699
11700
11701
11702
11704
11706
11707
11708
11709
11710
11711
11712
11713
11714
11715
11717
11718
11719
11721
11722
11723
11724
11725
11728
11732
11733
11734
11735
11736
11737
11739
11740
11741
11742
11744
11745
11746
11747
11749
11750
11751
11753
11758
11759
11760
11761
11762
11764
11768
11770
11771
11773
11775
11776
11777
11778
11779
11780
11783
11785
11787
11788
11792
11793
11794
11795
11797
11798
11799
11801
11802
11806
11807
11808
11810
11812
11815
11816
11818
11819
11820
11821
11823
11824
11827
11830
11832
11835
11836
11837
11839
11840
11842
11844
11845
11848
11850
11852
11853
11854
11855
11857
11860
11861
11862
11864
11865
11867
11868
11870
11871
11872
11873
11874
11879
11880
11881
11884
11885
11886
11887
11888
11889
11890
11891
11892
11894
11897
11898
11899
11900
11901
11904
11906
11907
11908
11909
11910
11914
11917
11918
11919
11922
11923
11924
11925
11927
11928
11930
11931
11933
11935
11936
11938
11939
11940
11941
11942
11943
11944
11946
11948
11955
11957
11958
11959
11960
11961
11962
11963
11964
11965
11966
11967
11970
11973
11976
11978
11979
11980
11981
11985
11986
11988
11989
11990
11991
11992
11996
11999
12000
12001
12003
12006
12008
12010
12011
12012
12016
12017
12018
12021
12022
12023
12024
12025
12028
12034
12035
12036
12037
12039
12042
12045
12046
12047
12048
12049
12050
12051
12052
12053
12054
12057
12062
12067
12070
12072
12073
12077
12078
12079
12080
12083
12085
12086
12088
12089
12092
12094
12095
12096
12097
12098
12100
12101
12104
12105
12106
12107
12108
12109
12111
12112
12113
12114
12115
12116
12117
12118
12120
12125
12127
12129
12131
12132
12133
12136
12137
12138
12141
12142
12144
12145
12146
12147
12148
12149
12152
12154
12156
12160
12162
12163
12166
12167
12168
12169
12171
12172
12173
12175
12177
12181
12182
12183
12184
12185
12186
12188
12189
12190
12193
12194
12196
12197
12199
12200
12201
12203
12206
12207
12210
12215
12216
12220
12221
12222
12224
12228
12229
12230
12233
12235
12236
12237
12239
12240
12242
12243
12244
12248
12250
12252
12253
12256
12260
12262
12263
12264
12266
12267
12269
12270
12271
12274
12275
12277
12279
12281
12283
12284
12285
12287
12288
12289
12290
12293
12294
12295
12296
12297
12298
12299
12302
12303
12304
12305
12306
12308
12310
12315
12317
12318
12321
12322
12323
12327
12329
12330
12331
12332
12333
12334
12335
12336
12338
12340
12341
12343
12344
12347
12353
12354
12355
12357
12359
12360
12362
12364
12365
12370
12373
12374
12375
12376
12377
12380
12382
12383
12384
12385
12386
12387
12388
12389
12390
12391
12392
12394
12395
12397
12398
12402
12404
12405
12406
12407
12408
12409
12410
12413
12415
12416
12417
12418
12419
12421
12422
12423
12424
12425
12426
12428
12434
12437
12439
12440
12442
12443
12445
12447
12448
12450
12451
12452
12454
12456
12459
12460
12461
12463
12464
12466
12468
12471
12472
12473
12474
12475
12476
12477
12478
12479
12482
12483
12484
12486
12487
12488
12489
12492
12493
12496
12498
12499
12500
12502
12503
12505
12506
12509
12512
12513
12515
12517
12518
12520
12521
12522
12523
12524
12525
12526
12527
12530
12534
12537
12538
12541
12545
12546
12548
12551
12552
12554
12555
12556
12557
12558
12559
12560
12561
12563
12565
12567
12570
12573
12575
12578
12581
12584
12585
12589
12594
12595
12596
12597
12598
12599
12600
12601
12602
12603
12605
12606
12608
12611
12615
12616
12617
12619
12620
12622
12623
12625
12626
12628
12629
12632
12633
12634
12636
12640
12642
12643
12644
12646
12648
12649
12650
12654
12656
12659
12661
12663
12664
12665
12668
12669
12671
12674
12675
12677
12679
12680
12681
12683
12684
12685
12687
12690
12692
12693
12694
12695
12698
12699
12700
12701
12703
12704
12706
12708
12710
12712
12714
12716
12717
12718
12719
12721
12722
12725
12727
12728
12729
12732
12735
12736
12737
12738
12740
12743
12745
12746
12747
12749
12750
12752
12753
12757
12758
12759
12760
12761
12762
12764
12765
12771
12772
12773
12774
12775
12776
12778
12780
12781
12782
12783
12788
12789
12791
12792
12793
12794
12795
12797
12798
12799
12800
12807
12808
12810
12811
12813
12815
12816
12819
12822
12823
12824
12825
12826
12827
12838
12840
12842
12844
12846
12847
12849
12853
12854
12856
12860
12862
12863
12867
12869
12871
12874
12875
12877
12879
12882
12883
12884
12885
12886
12887
12888
12890
12891
12892
12893
12894
12900
12901
12902
12903
12904
12905
12906
12908
12911
12912
12913
12916
12918
12919
12924
12929
12930
12931
12932
12933
12938
12939
12940
12944
12947
12948
12951
12953
12954
12956
12957
12958
12960
12962
12966
12970
12971
12973
12975
12978
12979
12980
12982
12983
12984
12985
12987
12988
12990
12992
12995
12996
12999
13000
13001
13007
13008
13009
13011
13012
13013
13014
13015
13016
13017
13019
13021
13023
13024
13027
13029
13030
13033
13036
13037
13038
13039
13040
13042
13043
13044
13045
13046
13047
13048
13051
13052
13054
13055
13057
13060
13064
13065
13067
13069
13073
13075
13077
13078
13079
13080
13081
13085
13086
13087
13088
13089
13090
13091
13092
13093
13095
13096
13097
13098
13099
13104
13105
13106
13107
13108
13109
13111
13112
13117
13119
13125
13128
13130
13132
13133
13136
13139
13140
13141
13143
13146
13147
13150
13151
13152
13154
13155
13163
13164
13165
13167
13173
13175
13176
13177
13179
13180
13182
13184
13185
13186
13189
13197
13201
13204
13205
13206
13212
13214
13215
13216
13217
13218
13220
13221
13222
13223
13226
13228
13229
13230
13231
13233
13234
13235
13237
13238
13240
13241
13243
13244
13245
13246
13249
13252
13255
13257
13258
13260
13261
13263
13264
13265
13266
13269
13272
13274
13275
13278
13279
13280
13281
13285
13286
13287
13290
13291
13293
13295
13298
13299
13302
13303
13304
13305
13307
13313
13314
13316
13317
13318
13320
13323
13325
13327
13328
13329
13330
13331
13334
13335
13336
13337
13339
13341
13342
13343
13345
13346
13348
13350
13351
13353
13354
13357
13358
13360
13361
13362
13363
13364
13365
13366
13367
13369
13370
13371
13372
13373
13375
13376
13377
13378
13379
13380
13381
13382
13383
13384
13385
13386
13387
13388
13391
13393
13396
13397
13398
13399
13401
13402
13404
13406
13408
13413
13414
13416
13417
13418
13419
13424
13428
13429
13435
13437
13438
13440
13441
13443
13445
13446
13447
13448
13450
13451
13452
13453
13457
13458
13461
13464
13465
13466
13468
13470
13471
13472
13473
13475
13476
13477
13478
13479
13480
13481
13482
13488
13491
13493
13494
13495
13501
13502
13506
13508
13510
13511
13515
13516
13517
13521
13523
13525
13531
13533
13534
13535
13536
13537
13540
13541
13542
13546
13548
13549
13550
13551
13552
13555
13556
13558
13559
13560
13561
13562
13564
13566
13569
13570
13571
13574
13575
13576
13578
13580
13583
13584
13586
13588
13589
13590
13591
13592
13596
13597
13599
13602
13603
13606
13607
13608
13609
13613
13616
13617
13621
13622
13626
13627
13629
13632
13633
13634
13635
13637
13639
13642
13643
13645
13646
13648
13649
13650
13651
13652
13654
13655
13658
13660
13664
13665
13667
13668
13669
13670
13671
13672
13676
13677
13680
13682
13684
13685
13688
13689
13693
13695
13698
13699
13700
13703
13705
13706
13708
13709
13711
13713
13715
13716
13717
13720
13723
13724
13728
13732
13733
13734
13735
13736
13737
13738
13739
13740
13741
13743
13744
13745
13748
13749
13751
13752
13753
13754
13755
13760
13761
13762
13764
13765
13769
13770
13771
13772
13775
13776
13777
13778
13781
13783
13784
13785
13786
13787
13791
13792
13793
13794
13795
13797
13799
13800
13802
13803
13804
13805
13806
13807
13809
13810
13812
13814
13815
13816
13817
13819
13822
13823
13825
13826
13828
13829
13832
13833
13834
13836
13838
13840
13841
13843
13844
13845
13846
13848
13849
13854
13855
13856
13857
13860
13861
13862
13864
13865
13869
13870
13871
13872
13874
13875
13878
13879
13880
13881
13882
13883
13886
13887
13888
13891
13892
13893
13899
13901
13902
13903
13904
13905
13906
13907
13908
13909
13910
13911
13912
13913
13914
13915
13918
13919
13920
13921
13923
13925
13926
13928
13930
13933
13935
13937
13939
13942
13945
13947
13950
13953
13954
13956
13957
13958
13960
13961
13962
13963
13964
13965
13967
13968
13970
13972
13973
13974
13976
13979
13980
13981
13984
13985
13986
13991
13992
13999
14002
14006
14008
14010
14011
14012
14013
14017
14018
14019
14020
14021
14022
14025
14026
14027
14028
14029
14030
14034
14035
14036
14038
14040
14043
14045
14046
14047
14048
14049
14050
14053
14054
14055
14056
14057
14060
14061
14062
14063
14065
14068
14069
14072
14073
14077
14078
14079
14082
14084
14085
14087
14089
14091
14092
14093
14094
14095
14096
14098
14102
14103
14104
14105
14106
14107
14108
14109
14110
14111
14114
14121
14123
14129
14130
14132
14136
14137
14138
14141
14142
14143
14145
14146
14147
14151
14152
14153
14154
14155
14158
14159
14160
14164
14165
14166
14167
14169
14175
14177
14178
14179
14181
14184
14185
14187
14188
14190
14191
14193
14194
14198
14203
14204
14205
14206
14207
14208
14209
14210
14211
14213
14215
14216
14217
14220
14223
14227
14228
14232
14234
14236
14239
14243
14246
14247
14248
14249
14250
14252
14253
14255
14259
14260
14261
14263
14265
14267
14270
14277
14278
14280
14282
14284
14285
14289
14290
14291
14292
14293
14294
14295
14297
14301
14302
14303
14304
14306
14307
14308
14309
14310
14312
14313
14314
14315
14316
14318
14319
14323
14324
14326
14327
14330
14331
14333
14335
14336
14338
14339
14342
14344
14346
14347
14348
14352
14357
14360
14361
14362
14365
14368
14371
14372
14373
14374
14375
14378
14380
14381
14382
14384
14388
14397
14400
14401
14403
14404
14405
14406
14407
14409
14412
14413
14414
14415
14416
14417
14418
14419
14421
14424
14426
14428
14429
14431
14433
14435
14436
14438
14439
14441
14442
14445
14446
14447
14451
14453
14455
14456
14457
14458
14459
14462
14464
14465
14466
14468
14470
14471
14472
14474
14475
14476
14478
14479
14480
14481
14482
14484
14485
14487
14489
14490
14491
14494
14495
14496
14497
14500
14504
14505
14506
14508
14511
14514
14515
14516
14519
14520
14521
14526
14527
14528
14532
14535
14537
14540
14541
14542
14544
14545
14546
14547
14549
14550
14552
14554
14555
14557
14558
14559
14560
14562
14567
14568
14569
14571
14574
14575
14577
14580
14581
14586
14588
14589
14590
14591
14594
14595
14599
14600
14602
14603
14604
14605
14606
14607
14608
14609
14611
14613
14614
14616
14617
14618
14619
14620
14621
14622
14623
14624
14627
14629
14633
14634
14635
14636
14637
14638
14640
14643
14644
14645
14647
14648
14650
14652
14653
14654
14655
14656
14657
14659
14661
14662
14663
14664
14667
14668
14670
14673
14676
14677
14679
14681
14683
14685
14688
14689
14690
14691
14694
14696
14698
14699
14701
14702
14703
14706
14708
14711
14715
14716
14718
14724
14726
14728
14729
14730
14731
14733
14734
14735
14738
14739
14741
14742
14743
14744
14747
14749
14750
14751
14756
14757
14760
14762
14764
14766
14768
14769
14770
14771
14772
14773
14776
14777
14778
14779
14783
14784
14785
14786
14790
14791
14792
14793
14794
14795
14797
14799
14800
14802
14803
14804
14807
14808
14809
14810
14811
14815
14816
14817
14818
14819
14820
14821
14823
14824
14826
14830
14832
14833
14835
14836
14837
14839
14840
14844
14847
14848
14850
14853
14856
14857
14858
14859
14861
14866
14868
14869
14870
14873
14874
14876
14878
14879
14880
14881
14882
14883
14884
14885
14890
14891
14894
14895
14897
14899
14903
14909
14910
14914
14915
14916
14917
14918
14919
14920
14921
14923
14924
14925
14926
14931
14932
14933
14934
14936
14938
14939
14941
14942
14943
14944
14945
14946
14947
14949
14950
14953
14954
14955
14957
14958
14960
14961
14964
14965
14967
14971
14972
14973
14974
14975
14976
14977
14979
14980
14982
14984
14986
14988
14990
14992
14994
14995
14997
14999
15001
15002
15003
15004
15006
15007
15008
15009
15010
15013
15014
15021
15022
15023
15025
15028
15029
15030
15032
15036
15039
15040
15041
15045
15047
15049
15051
15052
15054
15058
15059
15062
15066
15068
15069
15071
15076
15079
15080
15081
15082
15084
15085
15086
15090
15092
15094
15095
15096
15097
15099
15100
15101
15102
15103
15106
15109
15110
15117
15118
15121
15122
15123
15124
15127
15128
15132
15138
15139
15140
15141
15142
15143
15144
15148
15150
15153
15156
15158
15159
15161
15162
15164
15165
15169
15170
15173
15174
15175
15176
15177
15178
15179
15182
15186
15187
15189
15191
15192
15193
15195
15196
15197
15199
15200
15201
15202
15203
15204
15205
15206
15207
15208
15210
15211
15212
15215
15218
15222
15223
15224
15226
15227
15228
15229
15230
15231
15234
15235
15236
15237
15239
15240
15241
15242
15245
15247
15248
15250
15251
15252
15253
15254
15255
15257
15258
15261
15267
15268
15272
15273
15274
15275
15277
15279
15280
15282
15283
15284
15285
15286
15287
15288
15289
15290
15291
15293
15295
15296
15297
15299
15300
15301
15303
15305
15307
15308
15309
15310
15311
15313
15314
15315
15316
15317
15319
15320
15321
15322
15324
15325
15326
15328
15332
15335
15338
15339
15341
15342
15348
15350
15351
15353
15354
15355
15356
15357
15358
15361
15364
15367
15370
15371
15373
15376
15377
15378
15379
15380
15381
15382
15383
15386
15387
15391
15392
15393
15394
15395
15396
15397
15398
15399
15400
15401
15402
15404
15408
15409
15410
15412
15414
15416
15417
15418
15419
15421
15422
15423
15426
15430
15431
15433
15434
15435
15436
15437
15438
15439
15441
15442
15443
15445
15447
15448
15449
15452
15453
15454
15455
15457
15460
15461
15462
15463
15464
15465
15466
15467
15468
15470
15471
15472
15473
15474
15475
15476
15477
15479
15480
15481
15482
15483
15484
15486
15488
15490
15491
15492
15493
15494
15495
15496
15500
15501
15502
15503
15508
15510
15512
15513
15514
15515
15518
15523
15525
15526
15527
15528
15531
15532
15534
15535
15536
15537
15539
15540
15541
15543
15544
15546
15547
15550
15551
15555
15557
15559
15560
15563
15564
15565
15567
15570
15571
15572
15573
15575
15576
15579
15580
15581
15584
15585
15586
15587
15588
15589
15592
15593
15594
15595
15596
15598
15599
15601
15603
15605
15606
15607
15608
15609
15612
15614
15615
15616
15617
15618
15619
15621
15623
15625
15627
15629
15630
15632
15633
15634
15636
15637
15640
15641
15643
15644
15647
15648
15649
15650
15652
15655
15656
15658
15659
15660
15662
15663
15664
15665
15666
15668
15669
15670
15671
15672
15673
15674
15675
15676
15678
15680
15681
15684
15685
15686
15688
15689
15692
15693
15694
15697
15699
15700
15702
15707
15712
15716
15717
15718
15719
15721
15723
15729
15733
15739
15743
15744
15745
15748
15749
15751
15752
15756
15759
15760
15761
15762
15763
15765
15766
15767
15768
15770
15771
15773
15776
15778
15780
15782
15786
15787
15791
15792
15793
15794
15796
15799
15800
15802
15805
15807
15809
15810
15812
15813
15814
15815
15816
15817
15818
15819
15821
15822
15823
15824
15825
15827
15828
15829
15830
15831
15832
15833
15834
15835
15836
15838
15839
15840
15842
15844
15846
15848
15849
15851
15852
15853
15854
15857
15858
15859
15860
15862
15863
15864
15868
15871
15872
15873
15874
15875
15877
15878
15879
15880
15882
15883
15885
15886
15887
15888
15889
15891
15892
15894
15895
15896
15897
15898
15900
15901
15903
15904
15907
15908
15909
15911
15912
15914
15916
15920
15923
15924
15927
15928
15930
15932
15933
15934
15936
15939
15943
15944
15945
15947
15948
15950
15953
15954
15955
15958
15959
15961
15962
15964
15965
15966
15968
15969
15973
15974
15975
15976
15977
15978
15979
15981
15984
15985
15986
15988
15990
15992
15993
15995
15996
15997
15999
16003
16005
16006
16007
16008
16009
16012
16013
16014
16018
16019
16020
16021
16022
16027
16028
16030
16031
16032
16033
16034
16035
16036
16037
16038
16039
16040
16041
16042
16043
16044
16045
16046
16048
16051
16054
16055
16057
16058
16059
16060
16061
16062
16064
16070
16071
16072
16073
16074
16075
16076
16078
16079
16080
16081
16082
16084
16085
16086
16088
16089
16091
16092
16093
16095
16097
16098
16099
16102
16105
16106
16107
16109
16110
16114
16121
16122
16125
16126
16127
16128
16129
16130
16132
16135
16136
16137
16139
16141
16143
16144
16145
16148
16150
16151
16152
16153
16154
16155
16156
16157
16158
16159
16160
16161
16162
16163
16166
16168
16171
16172
16174
16175
16176
16178
16179
16180
16181
16185
16186
16188
16189
16191
16192
16194
16195
16196
16200
16201
16203
16206
16207
16209
16210
16211
16212
16215
16216
16217
16219
16220
16221
16223
16228
16229
16230
16231
16233
16237
16240
16242
16245
16246
16248
16254
16256
16257
16259
16263
16268
16270
16272
16279
16280
16281
16282
16283
16285
16286
16287
16289
16291
16294
16297
16299
16300
16301
16302
16304
16307
16311
16312
16313
16314
16318
16319
16322
16325
16327
16329
16335
16336
16337
16338
16339
16340
16343
16344
16346
16348
16350
16357
16360
16361
16364
16365
16367
16369
16370
16371
16372
16374
16375
16376
16380
16382
16384
16385
16386
16387
16389
16390
16393
16397
16398
16399
16400
16406
16408
16409
16411
16416
16418
16421
16425
16426
16427
16430
16431
16434
16441
16442
16443
16444
16445
16447
16448
16449
16451
16452
16453
16454
16455
16456
16457
16458
16460
16461
16462
16463
16465
16467
16469
16470
16472
16473
16474
16475
16481
16482
16484
16486
16487
16490
16491
16492
16493
16494
16496
16500
16502
16504
16507
16508
16509
16510
16511
16512
16513
16514
16516
16517
16522
16525
16527
16528
16531
16532
16533
16534
16535
16541
16544
16545
16548
16549
16550
16552
16553
16554
16555
16557
16559
16561
16562
16565
16566
16568
16571
16572
16574
16579
16582
16584
16585
16586
16587
16588
16589
16592
16595
16598
16601
16602
16605
16606
16607
16608
16609
16610
16619
16621
16623
16624
16627
16628
16631
16632
